3.1541656229796726 4.310958266467962 0.0
3.9337789950749835 4.511361060061795 0.0
3.6632308211828466 4.517696787896868 0.0
3.117410762974366 6.066076705285222 0.0
2.483678449053935 4.781625831270996 0.0
3.941575348528127 4.326120469428777 0.0
2.866133231553017 4.435994334264997 0.0
2.5693871574726486 5.955032476549517 0.0
2.9340456801100165 5.202380906020249 0.0
3.162434807898093 5.49855899039588 0.0
2.4365870956216282 4.634661123567588 0.0
2.8262746737507185 4.709365761569837 0.0
3.134512036588123 5.262458931822941 0.0
2.570513805777829 4.550528921767232 0.0
3.82406746610378 5.082113877743667 0.0
2.8496080617619866 4.669695703011504 0.0
2.8965481619180142 5.440089456040391 0.0
3.5642970322572842 5.248000473171981 0.0
3.113696387560564 4.491630675695116 0.0
2.2296014927776877 5.031630997100166 0.0
3.4647525557397643 5.291112295698962 0.0
2.531059884424274 5.216553976575672 0.0
3.8774930768710294 4.933505788845204 0.0
2.597186746230316 4.440844037839184 0.0
2.4261945275784322 4.820942962260071 0.0
3.057573936570046 4.810426218560039 0.0
4.058395510741837 4.194560798275033 0.0
2.551299536549085 5.656235183570498 0.0
2.8124264416693583 4.38690190410849 0.0
2.0271484584180204 4.543608252932354 0.0
3.3776978478316693 5.433703705677459 0.0
3.6854945031455606 4.74507837893076 0.0
3.0437657354608354 5.469373437841155 0.0
3.139962299521619 4.950924805178521 0.0
2.980358590886252 4.415953251129402 0.0
2.6231477669096996 5.068844912951674 0.0
2.6661436397147207 5.840960870036569 0.0
2.6738532000324904 4.739405343849445 0.0
3.283645138926335 4.888662449742423 0.0
2.9921589441987226 5.080464084149112 0.0
2.8540813186260685 4.6192538940941885 0.0
2.6637697761120247 4.8202234192297295 0.0
3.428961962146168 5.570550933328787 0.0
2.7412404787447984 4.510585070320615 0.0
3.0491889534077377 5.190708127104585 0.0
3.1882127655778145 4.450299604707903 0.0
3.711491748258053 5.19804329247828 0.0
2.4828785791077674 5.340797259140814 0.0
4.151958348841971 4.469992088639226 0.0
2.208530801332459 5.305189689553602 0.0
2.9944271940790794 5.005749449935031 0.0
3.2032077468381033 4.90341164922508 0.0
2.5220274997536114 4.827009112150307 0.0
2.259377018901351 4.363720932483842 0.0
3.6625070264434076 5.10266628188898 0.0
3.019315275920094 4.171642448839023 0.0
3.5697003422716502 4.382587089823174 0.0
3.3126157255135937 4.198971172196626 0.0
3.033258611191584 5.151235948869891 0.0
3.179752199785505 4.927716591533132 0.0
2.5305092136611074 5.508510495706623 0.0
3.088713071126876 4.799109531895869 0.0
3.226890956317842 4.0851297944977345 0.0
2.815409081028778 4.880310411212037 0.0
3.7472422722456846 3.9650074874932337 0.0
2.934472994229294 5.566539939779861 0.0
4.007030077459234 4.846617111986498 0.0
3.796385377208742 4.870713684161615 0.0
3.305963596365579 4.329251637208479 0.0
3.3040782138003206 5.557481161473701 0.0
3.220516453636576 5.0893964328665895 0.0
2.540443277565028 5.096376924532608 0.0
2.1930510762210242 4.893629859893015 0.0
2.656081194485659 4.392961298452939 0.0
4.074787267433644 4.954878075167125 0.0
2.4757235174664536 4.289991031410512 0.0
2.496584123850508 5.840788358133664 0.0
2.6372013107682077 4.308318022302473 0.0
3.175890055340679 5.189617766767793 0.0
2.6699718399329586 5.087909476648014 0.0
3.6151453403638603 5.601189924392205 0.0
2.774348481448737 5.132843987483118 0.0
2.9626660108744254 5.129358220114873 0.0
1.9846577661092528 6.03224643067966 0.0
3.473625983886874 4.922494953454583 0.0
2.9409179774357153 4.659910898001574 0.0
4.173323515263281 4.360419446485871 0.0
2.728569261991641 5.208025023130713 0.0
3.1829243939584293 5.648912633486793 0.0
2.7445974312155634 4.409683907938794 0.0
2.7601720929960263 5.3101791491717565 0.0
3.1694520626079723 6.0105217807423985 0.0
3.4550894540462957 5.158609107595651 0.0
2.5811609790460275 4.7044084481177855 0.0
2.6086854220862374 4.944805350486556 0.0
3.4122786097821183 5.265589183267847 0.0
3.320065763048796 4.191521977844583 0.0
2.1837883489660084 4.966432922692739 0.0
3.1421398354036074 5.8713343903278155 0.0
2.793190509620126 4.626272594279621 0.0
3.540688017229095 4.684312005775306 0.0
3.702272757469856 5.073220385239125 0.0
2.699671221171106 5.77612159002428 0.0
2.3736023199750367 5.388745177915955 0.0
3.333191541015957 4.769640106305723 0.0
3.0275856773901157 5.1494887280595085 0.0
3.5059212164970948 4.671024477619416 0.0
3.910957548930203 4.9621747647057886 0.0
2.6828389531595183 4.818629417006431 0.0
2.701842980774746 4.973716351865227 0.0
3.1119217816564553 5.164811491063869 0.0
2.988288447489274 5.539597364056244 0.0
2.768202012676953 5.240740736886731 0.0
2.5933178703978985 4.266787836098743 0.0
3.349228574553668 5.001885444543134 0.0
2.1468649046874937 5.975387697615895 0.0
3.4681992717762298 4.73717970344903 0.0
2.9282102441418396 4.808987275524808 0.0
3.140220852658148 4.503438194535209 0.0
2.5144477147777575 5.157408602257912 0.0
3.1837724480111347 5.09515577879697 0.0
3.096431977775193 4.421491359592066 0.0
2.88787053287418 4.848875134772465 0.0
2.472685768007493 5.41012391866234 0.0
3.517204943240759 4.501893679814467 0.0
2.8497606072072887 4.822485634472313 0.0
2.6038566690969276 4.734197045994272 0.0
2.949151362722564 5.009639692256538 0.0
2.430098772286613 5.39247876062025 0.0
3.07097658166039 4.840335791427452 0.0
3.2384491844611114 5.074224790690039 0.0
3.0061159918194087 5.784629807267952 0.0
2.934946522903148 5.046976614692785 0.0
2.7722337482413284 5.008739579512528 0.0
2.4925870461327797 4.698834073208569 0.0
3.385895275606834 5.411752076981866 0.0
2.9046732532093005 4.802575242983274 0.0
2.4909790623563177 4.961072622029574 0.0
2.417425079608322 5.450413243477094 0.0
3.733289357787089 5.426275969730616 0.0
2.087871672031085 5.151801952231001 0.0
2.8002754853685623 5.185027943923759 0.0
2.8232841256214005 4.191762905674484 0.0
2.8902294858343933 4.457981689664033 0.0
1.8152065473866985 5.432026150248824 0.0
2.775917318659646 4.675331036134806 0.0
2.8440119460418933 4.579854802260347 0.0
2.8146479983897734 4.527192102221854 0.0
2.6707235165974983 4.742883017030006 0.0
2.287969545508734 4.753340058318903 0.0
2.024097949259199 4.670054135135251 0.0
2.788842587937365 5.052357014716642 0.0
2.485032358345512 4.825028317705447 0.0
1.6704138810016296 5.30315976217969 0.0
2.656350481421668 4.941262726790944 0.0
3.2240976422116563 5.8480907864140805 0.0
2.4998348255231475 5.836992853505355 0.0
2.640029733929053 4.553212798842904 0.0
2.184900826516978 5.231391127762887 0.0
2.7984115265134104 5.611222535191214 0.0
3.1097547778965224 5.196531466990046 0.0
3.080779633619084 5.781702372514465 0.0
2.4219087840890436 5.390599050854997 0.0
2.2488017153091437 4.111166522633146 0.0
3.2287078031104954 4.517693993133136 0.0
3.75937966848179 4.41441976927496 0.0
2.7228451867143497 4.7646811709226045 0.0
3.3735941671023157 4.405527522398132 0.0
3.4284153059513454 4.674487203349926 0.0
2.7970291364057585 5.362184252434982 0.0
3.0833367476862645 5.317515718446053 0.0
3.1355850923186557 4.5992515573028125 0.0
3.06345604635181 5.200994681722351 0.0
2.5561071261849437 4.0096017658880365 0.0
3.303555835958023 4.475914796587263 0.0
3.13725817886197 4.554542458502236 0.0
2.8793311042734477 4.560904828594963 0.0
3.977956154125347 5.195046661343963 0.0
2.4842587698423713 4.285004370657276 0.0
2.7730979794739996 5.201632270081624 0.0
2.7649835586495626 4.891634264712231 0.0
3.4683712317676285 5.7061638530187215 0.0
3.091669599628801 5.835471516394429 0.0
2.5737070764146766 5.011479877803976 0.0
3.6429920035401464 4.246500800892864 0.0
2.478435250982322 4.571460905664417 0.0
3.7599974303828865 5.859794653708097 0.0
2.447808330285775 5.026082539630488 0.0
3.696259224717136 5.518792833525317 0.0
2.9570346165141936 5.097146469022886 0.0
2.751948833008719 4.9625975086598295 0.0
1.9978921422505425 5.188438260425446 0.0
3.4747104034628804 5.043775620692595 0.0
3.6337058274093286 5.249749116734329 0.0
2.3328707642986233 4.3266412471012226 0.0
3.2820042675369043 4.357723851003737 0.0
3.029947341558138 4.893738477614845 0.0
2.464623689244729 5.527225863465568 0.0
2.350656638918455 5.638037673003094 0.0
3.70067241564598 4.7948091031710645 0.0
2.9151208530487573 4.93293360861579 0.0
3.3382303661808117 4.80899552221109 0.0
3.2330832130170153 4.814878779647828 0.0
2.671768162514234 3.5827227473626486 0.0
2.3910307442034244 4.84751818107279 0.0
3.7441260968977996 5.947944588015291 0.0
2.564601425409059 4.710575167617792 0.0
2.1157307746614844 5.177740896371884 0.0
3.0185028609550746 5.383951203866352 0.0
3.3931639810544882 4.766790451632028 0.0
3.0337461286204035 5.008169042056446 0.0
3.078253268982688 5.116090518100138 0.0
3.4063370210545214 5.293629689699913 0.0
2.6475393237462774 5.339987422122551 0.0
2.6579945511313916 5.829775398094936 0.0
3.277981339854899 5.446236943665765 0.0
2.600288800228452 5.120393754870969 0.0
3.3496902417939087 4.469388856277045 0.0
4.34811202628179 4.963037666859792 0.0
2.3535715451382755 5.133525434674591 0.0
2.6710369537316025 5.484441319281525 0.0
3.338731084673206 5.02591019474121 0.0
2.81920035960919 5.532292568063926 0.0
2.5982951679130792 4.6552251111249 0.0
3.2493451374549136 5.523986077984026 0.0
3.14317184444614 5.304421917237725 0.0
3.1195727903268935 5.698948130543368 0.0
3.3645452810887684 5.064491455378706 0.0
4.58548738664509 5.094749818773956 0.0
3.142157259498972 5.207700313085564 0.0
3.766389607179229 5.734679384950143 0.0
3.077473712848458 5.189081259801087 0.0
2.1220547082811403 5.225467230902957 0.0
3.261945511917103 5.04421104352233 0.0
3.4618982801569733 4.933715992673141 0.0
3.4712340596101967 4.866202626882326 0.0
3.539098651857119 3.7204076668279518 0.0
1.7235050920829607 5.32680929772018 0.0
3.434481743448398 5.138435952923064 0.0
2.2543712036471972 5.219695850632268 0.0
3.5152191337078023 3.976338193471019 0.0
3.091962747170155 4.807255119812196 0.0
2.519747809183426 4.603441318646164 0.0
3.1565338508254506 4.572952130349138 0.0
2.9478282542526535 4.505999028753132 0.0
3.0372932032717768 4.461450465298003 0.0
3.7566640412866024 5.276566032103792 0.0
2.8174723917268714 4.1043362259794085 0.0
3.264471809208291 5.123073894342422 0.0
2.8172244550069814 5.469046270452822 0.0
2.8063365912960236 4.848848624712332 0.0
3.0043139494587883 5.26350210422733 0.0
2.4262656737944486 4.781089977627783 0.0
3.1074827953130466 5.048609616001459 0.0
3.410792856024898 5.002646323149681 0.0
3.514467746297427 4.963856496219997 0.0
3.1067400244550845 4.395713173133389 0.0
2.3420462947442395 4.769207697592646 0.0
3.098983644972484 5.540967609238633 0.0
2.9833403585774234 4.234598251300254 0.0
2.9925711483226487 5.410702968512406 0.0
3.8694363387272555 5.4971971956577494 0.0
3.632538919044383 5.105748506365939 0.0
3.1049247389615275 4.379687700221886 0.0
4.005628340731569 4.977702286772072 0.0
2.5912534511918865 4.299326353480344 0.0
2.7504916810029085 5.010675611921775 0.0
2.618942744038751 4.556109931682032 0.0
2.8554973945228834 4.000680262208314 0.0
2.3866891703016924 5.483723075025117 0.0
2.9707067244330694 4.8412284530349 0.0
2.7795386838537044 4.859822252407746 0.0
2.6179280380467786 4.281104263099211 0.0
2.9335597112065224 4.851104560299136 0.0
3.1210589804925615 4.5556398713231845 0.0
2.615041962777342 5.269624595645909 0.0
1.7086016835150277 4.423024818173995 0.0
3.952531820280009 4.992611390170078 0.0
3.9614710132401925 5.7402573957172125 0.0
3.1041374890384303 5.488319518241856 0.0
2.8454427776141458 4.883266669228154 0.0
3.6106924797295994 4.903579085728017 0.0
3.2315651646593038 5.139547882196227 0.0
3.5342546996580047 4.773307098074306 0.0
2.733648604010223 5.54537486721725 0.0
3.112804327235552 5.224856050115997 0.0
2.5698687740212405 5.164150647500378 0.0
2.8985515796166665 4.945058610345343 0.0
3.36517589518851 5.552289236785739 0.0
3.199523172820065 3.6137036217866747 0.0
3.0051746572831495 5.360016879670827 0.0
3.336147378506218 5.203730918120555 0.0
3.550142169110187 5.649010986163111 0.0
3.2405575631944177 6.379677557010791 0.0
2.747320841367795 4.592104229003015 0.0
2.6518366730694587 4.8548014495980665 0.0
3.468222862915558 4.9824524115651645 0.0
2.155884986114284 4.943767008720224 0.0
3.302560042041083 5.447777992775662 0.0
3.191366215006134 4.982878859734023 0.0
2.3467365741323416 5.829065339809094 0.0
2.6661398568203003 5.163481297702229 0.0
2.2890400641797815 5.998978039875002 0.0
2.87899008506489 5.759130585177853 0.0
3.432218099429753 4.628917489796779 0.0
3.558652657768332 4.740549897787574 0.0
3.3452145121915247 5.3983360541823355 0.0
3.185412500640551 5.071030902593618 0.0
2.6251548276485517 5.016404373806856 0.0
2.6401978057241036 4.593503505722961 0.0
2.4773733169265224 5.6055726448413505 0.0
3.335285225155455 4.646247151244712 0.0
4.129654475345426 4.978871424169679 0.0
2.9548089963615265 5.6837986199033566 0.0
2.5262557025465604 5.122221727980817 0.0
2.921988054501356 5.524546593960006 0.0
2.971265240767303 4.804391473912992 0.0
2.67379570880649 4.804523312406199 0.0
2.950773737787284 4.6682608568189465 0.0
3.386347418551191 4.169200854442718 0.0
2.8075600954093622 5.047175794658537 0.0
4.134877311993804 4.272817162700617 0.0
2.5717253458828955 4.2292063001641065 0.0
3.383331590822543 5.178146408736144 0.0
3.361550246868899 5.0123060626239555 0.0
2.575839738597384 4.837165265589913 0.0
2.180596346438911 4.633343596208167 0.0
2.9132680514635605 4.744985230122191 0.0
2.782423224139181 5.924631864239671 0.0
3.2468708886745943 4.941948030482817 0.0
2.8886971595258397 4.543460390979102 0.0
3.137800336992028 5.717524693394577 0.0
2.8176532278041573 5.078351927636182 0.0
3.2892607488644394 5.174827228496587 0.0
3.4312980056642255 3.672190453512534 0.0
3.4652042480555583 4.91234179883649 0.0
2.6047384890834615 4.546349939237336 0.0
3.410160898630711 5.679974270839742 0.0
2.766577226973619 4.29154694343687 0.0
2.1990819755137316 4.55640952907748 0.0
3.815798713766136 5.188879584865359 0.0
1.99179668610012 4.73027268331275 0.0
2.9859088858306726 5.214165935265209 0.0
2.269133655869296 4.658280116605659 0.0
3.2177730796478268 4.700387861270141 0.0
3.270386792650195 4.090961184808215 0.0
3.165017557255156 6.112972165869129 0.0
3.10858981631914 5.039105590546076 0.0
2.276732650218306 5.400148974670014 0.0
3.3599918650715828 4.448546893522315 0.0
3.5893897855798254 4.910037582093825 0.0
2.826875276176345 4.602681839464251 0.0
2.745173909124173 4.780962849194407 0.0
2.969180973913893 4.283632255032946 0.0
2.32603728868544 4.61921330587172 0.0
2.7392101610033133 4.407656704794224 0.0
2.987836937800532 4.630984545397156 0.0
3.471523043661259 3.6301614164052216 0.0
2.598429306329186 4.767831154282254 0.0
2.477237721465267 4.457571970269277 0.0
2.968973437100833 5.629583564805407 0.0
2.7271440129911086 4.057707077510276 0.0
3.4926587544699332 5.3834598348305995 0.0
2.900800551589977 5.047096150155073 0.0
3.1199335529476393 5.079479337062821 0.0
4.081617974640345 5.6682639747181955 0.0
3.1740846176209043 5.331629044839587 0.0
3.4317598291906575 4.5976231296810655 0.0
3.8242520051340896 4.224992905320926 0.0
3.4680645741555414 5.339190049420235 0.0
2.8617835774920812 4.8702115090829805 0.0
3.447630136444965 5.687482033196495 0.0
2.533605479246781 5.621659692227578 0.0
2.6354776706026524 5.098278700364393 0.0
1.9526984643969276 5.061860957116753 0.0
3.5633179610532535 4.460034245818289 0.0
2.36015541339788 4.707284397861113 0.0
1.8556899799927358 5.125742207510768 0.0
2.9658791973376846 5.856671360824683 0.0
3.4750442087627946 4.924321395851151 0.0
3.4604294118904093 5.159363826471511 0.0
2.9719334897756213 4.999307478632452 0.0
3.235216572423241 5.155723535777078 0.0
3.2011708205887746 4.657594954529843 0.0
2.9426123376146007 5.154375620918307 0.0
3.2490262023414282 4.9869038813278745 0.0
3.48034669923033 5.664531423269841 0.0
2.787668348783567 4.585017701231019 0.0
1.8801979706691316 5.200749527545144 0.0
3.015300912169259 4.965179210776532 0.0
2.6539750761078045 5.7681885271228985 0.0
2.5349217487378395 4.910705453956336 0.0
3.00525001036041 5.892935246952917 0.0
2.540997615090477 5.1262483135384365 0.0
3.125499058004162 5.5273789625901415 0.0
2.3146200087284696 5.4328264614079265 0.0
2.7993826450444086 4.5999587619577 0.0
3.5770920152470094 5.0862522082464325 0.0
2.765567906016602 3.8992793572497213 0.0
2.9331492201657805 5.538871902988132 0.0
3.009395895887129 4.703111276110667 0.0
2.7462411991713216 4.474059948724163 0.0
2.5456183770204737 4.787841189511049 0.0
3.1112315820043035 4.955812238400423 0.0
2.780405239098926 5.09066921460891 0.0
2.7042986660959447 5.562209592255184 0.0
3.0488624838574276 5.291476839876647 0.0
4.297212293884076 4.797983853074531 0.0
2.647649862071883 5.471630362484747 0.0
2.7153439732649076 5.134952177470381 0.0
2.333894172702749 4.01568765510699 0.0
2.2970185418660503 4.7049711770652305 0.0
2.796848434777469 4.567977504448815 0.0
3.260532438226379 4.712106015093467 0.0
2.5072446311579246 4.264082496268206 0.0
1.8722178852989053 4.488746578182198 0.0
4.248600195793504 3.877339175814299 0.0
3.4893689920528694 6.120446599600729 0.0
3.2131293653890505 5.338454017515123 0.0
3.3805188625734965 5.060837508246414 0.0
3.321657232531464 4.214688295683274 0.0
3.6822659240512357 4.655275407725031 0.0
3.2104591420878283 5.123301093130667 0.0
3.0996500984482327 4.974698229519167 0.0
3.112126110482841 4.1606558185856715 0.0
3.298453240623977 4.506356653271173 0.0
2.605665372745317 5.547319187356045 0.0
2.8965276447213544 4.660952269606876 0.0
4.191572387431971 5.472239743495207 0.0
2.320109637248093 4.9792995942210165 0.0
2.5435888872779207 5.558508144047926 0.0
2.1836827368827523 4.216116137845773 0.0
3.144560252639406 5.206435410223087 0.0
3.1585803131463446 5.2600203072854335 0.0
2.4134382974429203 5.971810592824646 0.0
2.8691772771445496 4.908877608105029 0.0
2.5522667194031623 5.193451248929631 0.0
3.5078326407710505 5.350520670582549 0.0
3.143452244001673 3.8397028621046294 0.0
3.37699573348924 5.532657746048997 0.0
2.733755040395466 5.322527636729938 0.0
2.7323649177335776 5.012702604192508 0.0
2.8915252150316757 5.222696625447399 0.0
2.86599831452431 5.401228197898198 0.0
2.6527160701343173 4.925182729836164 0.0
3.4002824017154984 5.039130087580831 0.0
3.416325369732239 5.163533104560511 0.0
3.0975348485756906 4.1092185721472045 0.0
3.659568438150788 4.558790590725041 0.0
3.3468865763450664 4.920213280926866 0.0
2.4055703711079857 4.7465918228506565 0.0
2.6812814872238855 4.801364092835601 0.0
3.022567007716005 6.169812403010029 0.0
3.4704588072875566 5.202602040161444 0.0
2.0538190533413294 4.911093428148494 0.0
3.0257874713849446 5.433638314404214 0.0
3.4659241870571518 5.169982491900631 0.0
3.4607041989052907 5.230407238574415 0.0
2.62762258897578 4.586780730670493 0.0
2.9789142743547106 4.856556403805047 0.0
2.527815754587853 5.119051573916156 0.0
2.574135401373205 5.91136180006398 0.0
2.8445569141507643 5.048700083134392 0.0
3.382248726516767 4.86581363239531 0.0
3.7055860319448057 5.392901913415586 0.0
3.8346254031884843 5.150994605178776 0.0
2.1509470902838728 5.193640237697531 0.0
2.8454935154764387 4.161998096835012 0.0
3.4379163807936655 4.942446265756387 0.0
2.88876149487854 4.5705400460961645 0.0
2.935879012986149 4.864114216754651 0.0
2.9771480196698827 5.110253827878586 0.0
3.2013127655650178 4.112056000019086 0.0
3.261638330265877 4.9142268343888755 0.0
3.149119087103028 5.663192948343515 0.0
3.377870144447271 4.730433681623505 0.0
3.2716559456937597 5.219521478836021 0.0
2.915892888616463 5.188955050869238 0.0
2.4111855187586846 4.429901849532519 0.0
2.969186798952176 4.9463473618544125 0.0
2.9320251496608396 5.568445681301347 0.0
2.662833669671312 5.015915279137175 0.0
2.4998923263052175 4.227614451611194 0.0
3.4800238705749638 4.791750458781654 0.0
2.9914897930692796 5.189575867777541 0.0
2.533629544602811 4.368465825448863 0.0
3.933779480213285 5.453022329137693 0.0
3.1483665862470565 5.414993079540552 0.0
2.660987109217775 5.6489228953255495 0.0
3.178183198587201 5.353286584095974 0.0
2.826019072039577 4.323305570926143 0.0
3.2949399103672596 4.818070595014605 0.0
3.1822406246202526 5.735660978071169 0.0
2.630218501804343 5.7715072977033675 0.0
3.6621793749979195 4.913899603651559 0.0
2.5604196855824624 4.8844491962035015 0.0
2.7167800731338905 4.846154361316499 0.0
3.010531010671032 5.049727228515356 0.0
3.234192617138526 5.867939498842857 0.0
3.072021785580439 5.727136753481488 0.0
3.61243528209683 5.032428053171788 0.0
3.1140266625620336 5.1007399733522165 0.0
2.8076772884287413 4.778081953422401 0.0
3.692630773361115 4.848450873287963 0.0
2.8065645765746767 4.744853630183186 0.0
3.1980033563308226 4.453469245634747 0.0
2.2247853274582594 5.208659410515918 0.0
3.176408303247189 4.923612788227295 0.0
2.410421034681156 5.65071403583238 0.0
3.4862678945712684 6.066934123602269 0.0
2.128821901095385 4.348378622943843 0.0
3.9247956233398185 4.8929166718999575 0.0
2.944755297467036 4.169650094065369 0.0
2.0318600970767466 5.094389298396914 0.0
2.7013419655173188 4.881039135131997 0.0
2.9753379649262137 5.119516800623383 0.0
3.344909082267394 5.650923114782499 0.0
2.527776872040875 4.794975153398726 0.0
2.364757500757133 5.484698354079006 0.0
3.365829463515196 4.967255812427759 0.0
2.9074731644953293 4.596175756191823 0.0
3.23283121986523 4.231878156861388 0.0
3.0819642862262935 5.048160677960598 0.0
3.3857029743384226 5.514719414391384 0.0
3.352055511070791 4.252160241871492 0.0
2.9483905741032213 5.205299250969186 0.0
2.9723237259888053 4.868031325703656 0.0
3.882026172983832 5.200078604183612 0.0
2.826043925336924 5.07817448455199 0.0
2.9821159640698895 6.190372675609876 0.0
3.74467798103724 5.2606518741378565 0.0
2.5463508178083787 5.025972697898069 0.0
3.0247474908250456 5.246918388140478 0.0
3.548173422832899 4.882892099327732 0.0
3.6638913479789914 4.9493592568913005 0.0
1.81791309142941 5.0101670908526215 0.0
3.0254771385056447 4.1028853642551395 0.0
2.1593908922527834 4.555514320952275 0.0
2.32579345612194 5.6324916649281285 0.0
2.748591649678731 6.206226839771874 0.0
2.944729671383764 5.5100863558579 0.0
2.4269997867462783 5.023533047329247 0.0
2.966362195538509 4.340802065177633 0.0
2.6781907985835547 3.888298423887787 0.0
3.2882954083074702 4.895850622211003 0.0
3.3866264887013 4.408059679903341 0.0
2.700673031538507 4.442051507019803 0.0
2.4476917012367645 4.9845318713630204 0.0
2.1785173532346955 4.796964101870084 0.0
3.1033452558540016 5.265521253489029 0.0
2.791261325057483 4.451251672614878 0.0
2.617148902760957 5.277893482041437 0.0
2.6820769608105595 5.33821664747325 0.0
3.221931616372713 5.166837163687133 0.0
3.856152610671648 4.603942489717425 0.0
4.263184120177999 5.884960694098367 0.0
3.7166762514409957 5.209199005654597 0.0
3.177378846556609 5.308443277196639 0.0
3.0165448755693802 4.572919369592823 0.0
3.5906893006441427 4.684048120997416 0.0
3.420815632036818 4.875270709919525 0.0
1.9940598403776455 5.294851802787362 0.0
2.6872214824453735 5.496068414259253 0.0
3.5498297979435565 5.327631865361299 0.0
3.57616578239156 5.539809296018411 0.0
2.277529900463314 4.3947285029383245 0.0
2.8023855086728227 4.420289741800044 0.0
2.8621647327197217 4.645136017076556 0.0
2.6859562201792104 4.7594864407696065 0.0
3.747039536578803 4.897420868117099 0.0
3.2645226191672156 5.211314310854413 0.0
2.799351097433245 4.841672352473947 0.0
2.7509837746538475 5.964766026908493 0.0
2.421322370404573 4.843853874437153 0.0
2.861588502613056 5.56195265280722 0.0
2.387282240584916 5.422181488200773 0.0
3.1197913799281958 4.815099416848098 0.0
3.226244546319823 5.048948072706313 0.0
3.5108952927943364 4.7237296632916355 0.0
2.621064569787417 4.974957952857589 0.0
3.1127908317844017 5.694572657838964 0.0
2.921166491918092 6.128361748649104 0.0
3.022879258650723 4.906408074987083 0.0
3.8663605934595666 5.342250553429595 0.0
3.3457693755350935 5.347374571828003 0.0
3.7894325972082443 4.602249724973355 0.0
3.0198833672932475 4.216502644569199 0.0
2.7720873261003156 5.713079376009633 0.0
2.8038055009251814 3.4769284726000365 0.0
3.3853365272316718 4.934780133108337 0.0
2.0784652249216755 4.761012997979757 0.0
2.844223733936314 5.0280826711148725 0.0
2.823003044373258 4.312524353290991 0.0
3.5940148961761507 5.158471305962425 0.0
2.593426858977773 4.136858698834161 0.0
3.407259911243933 5.029462794590815 0.0
3.1652883781371868 5.474623236779117 0.0
2.6764092840761196 5.236123575043925 0.0
3.2536194755548076 4.941885149806425 0.0
3.30703968517304 5.461103335783263 0.0
6.154165622979672 4.310958266467962 1.0
6.9337789950749835 4.511361060061795 1.0
6.663230821182847 4.517696787896868 1.0
6.117410762974366 6.066076705285222 1.0
5.483678449053935 4.781625831270996 1.0
6.9415753485281275 4.326120469428777 1.0
5.866133231553016 4.435994334264997 1.0
5.569387157472649 5.955032476549517 1.0
5.9340456801100165 5.202380906020249 1.0
6.162434807898093 5.49855899039588 1.0
5.436587095621628 4.634661123567588 1.0
5.826274673750718 4.709365761569837 1.0
6.134512036588124 5.262458931822941 1.0
5.5705138057778285 4.550528921767232 1.0
6.82406746610378 5.082113877743667 1.0
5.8496080617619866 4.669695703011504 1.0
5.896548161918014 5.440089456040391 1.0
6.564297032257285 5.248000473171981 1.0
6.113696387560564 4.491630675695116 1.0
5.229601492777688 5.031630997100166 1.0
6.464752555739764 5.291112295698962 1.0
5.531059884424274 5.216553976575672 1.0
6.877493076871029 4.933505788845204 1.0
5.597186746230316 4.440844037839184 1.0
5.426194527578432 4.820942962260071 1.0
6.057573936570046 4.810426218560039 1.0
7.058395510741837 4.194560798275033 1.0
5.5512995365490845 5.656235183570498 1.0
5.812426441669358 4.38690190410849 1.0
5.02714845841802 4.543608252932354 1.0
6.377697847831669 5.433703705677459 1.0
6.685494503145561 4.74507837893076 1.0
6.043765735460836 5.469373437841155 1.0
6.139962299521619 4.950924805178521 1.0
5.980358590886252 4.415953251129402 1.0
5.6231477669097 5.068844912951674 1.0
5.66614363971472 5.840960870036569 1.0
5.67385320003249 4.739405343849445 1.0
6.283645138926334 4.888662449742423 1.0
5.992158944198723 5.080464084149112 1.0
5.8540813186260685 4.6192538940941885 1.0
5.663769776112025 4.8202234192297295 1.0
6.428961962146168 5.570550933328787 1.0
5.741240478744798 4.510585070320615 1.0
6.049188953407738 5.190708127104585 1.0
6.1882127655778145 4.450299604707903 1.0
6.711491748258053 5.19804329247828 1.0
5.482878579107767 5.340797259140814 1.0
7.151958348841971 4.469992088639226 1.0
5.208530801332459 5.305189689553602 1.0
5.994427194079079 5.005749449935031 1.0
6.203207746838103 4.90341164922508 1.0
5.522027499753611 4.827009112150307 1.0
5.2593770189013505 4.363720932483842 1.0
6.662507026443407 5.10266628188898 1.0
6.019315275920094 4.171642448839023 1.0
6.56970034227165 4.382587089823174 1.0
6.312615725513593 4.198971172196626 1.0
6.033258611191584 5.151235948869891 1.0
6.179752199785505 4.927716591533132 1.0
5.530509213661107 5.508510495706623 1.0
6.088713071126876 4.799109531895869 1.0
6.226890956317842 4.0851297944977345 1.0
5.815409081028778 4.880310411212037 1.0
6.747242272245685 3.9650074874932337 1.0
5.934472994229294 5.566539939779861 1.0
7.007030077459234 4.846617111986498 1.0
6.7963853772087415 4.870713684161615 1.0
6.305963596365579 4.329251637208479 1.0
6.304078213800321 5.557481161473701 1.0
6.220516453636575 5.0893964328665895 1.0
5.5404432775650285 5.096376924532608 1.0
5.193051076221025 4.893629859893015 1.0
5.656081194485659 4.392961298452939 1.0
7.074787267433644 4.954878075167125 1.0
5.475723517466454 4.289991031410512 1.0
5.496584123850508 5.840788358133664 1.0
5.637201310768208 4.308318022302473 1.0
6.1758900553406795 5.189617766767793 1.0
5.669971839932958 5.087909476648014 1.0
6.615145340363861 5.601189924392205 1.0
5.774348481448737 5.132843987483118 1.0
5.962666010874425 5.129358220114873 1.0
4.984657766109253 6.03224643067966 1.0
6.473625983886874 4.922494953454583 1.0
5.940917977435715 4.659910898001574 1.0
7.173323515263281 4.360419446485871 1.0
5.728569261991641 5.208025023130713 1.0
6.182924393958429 5.648912633486793 1.0
5.744597431215563 4.409683907938794 1.0
5.760172092996026 5.3101791491717565 1.0
6.169452062607972 6.0105217807423985 1.0
6.455089454046296 5.158609107595651 1.0
5.581160979046027 4.7044084481177855 1.0
5.608685422086237 4.944805350486556 1.0
6.412278609782118 5.265589183267847 1.0
6.320065763048796 4.191521977844583 1.0
5.183788348966008 4.966432922692739 1.0
6.142139835403607 5.8713343903278155 1.0
5.793190509620127 4.626272594279621 1.0
6.540688017229095 4.684312005775306 1.0
6.702272757469856 5.073220385239125 1.0
5.699671221171106 5.77612159002428 1.0
5.373602319975037 5.388745177915955 1.0
6.333191541015957 4.769640106305723 1.0
6.027585677390116 5.1494887280595085 1.0
6.505921216497095 4.671024477619416 1.0
6.910957548930203 4.9621747647057886 1.0
5.682838953159518 4.818629417006431 1.0
5.701842980774746 4.973716351865227 1.0
6.111921781656456 5.164811491063869 1.0
5.988288447489274 5.539597364056244 1.0
5.768202012676953 5.240740736886731 1.0
5.5933178703978985 4.266787836098743 1.0
6.349228574553668 5.001885444543134 1.0
5.146864904687494 5.975387697615895 1.0
6.46819927177623 4.73717970344903 1.0
5.92821024414184 4.808987275524808 1.0
6.140220852658148 4.503438194535209 1.0
5.5144477147777575 5.157408602257912 1.0
6.183772448011134 5.09515577879697 1.0
6.096431977775193 4.421491359592066 1.0
5.88787053287418 4.848875134772465 1.0
5.472685768007493 5.41012391866234 1.0
6.517204943240759 4.501893679814467 1.0
5.849760607207289 4.822485634472313 1.0
5.603856669096928 4.734197045994272 1.0
5.9491513627225645 5.009639692256538 1.0
5.4300987722866125 5.39247876062025 1.0
6.07097658166039 4.840335791427452 1.0
6.238449184461111 5.074224790690039 1.0
6.006115991819408 5.784629807267952 1.0
5.934946522903148 5.046976614692785 1.0
5.772233748241328 5.008739579512528 1.0
5.49258704613278 4.698834073208569 1.0
6.385895275606834 5.411752076981866 1.0
5.9046732532093005 4.802575242983274 1.0
5.490979062356318 4.961072622029574 1.0
5.417425079608321 5.450413243477094 1.0
6.733289357787089 5.426275969730616 1.0
5.087871672031085 5.151801952231001 1.0
5.800275485368562 5.185027943923759 1.0
5.8232841256214005 4.191762905674484 1.0
5.890229485834394 4.457981689664033 1.0
4.8152065473866985 5.432026150248824 1.0
5.775917318659646 4.675331036134806 1.0
5.844011946041894 4.579854802260347 1.0
5.814647998389773 4.527192102221854 1.0
5.670723516597498 4.742883017030006 1.0
5.2879695455087345 4.753340058318903 1.0
5.024097949259199 4.670054135135251 1.0
5.788842587937364 5.052357014716642 1.0
5.485032358345512 4.825028317705447 1.0
4.67041388100163 5.30315976217969 1.0
5.6563504814216685 4.941262726790944 1.0
6.224097642211656 5.8480907864140805 1.0
5.4998348255231475 5.836992853505355 1.0
5.640029733929053 4.553212798842904 1.0
5.184900826516977 5.231391127762887 1.0
5.79841152651341 5.611222535191214 1.0
6.109754777896523 5.196531466990046 1.0
6.080779633619084 5.781702372514465 1.0
5.421908784089044 5.390599050854997 1.0
5.248801715309144 4.111166522633146 1.0
6.228707803110495 4.517693993133136 1.0
6.75937966848179 4.41441976927496 1.0
5.722845186714349 4.7646811709226045 1.0
6.373594167102316 4.405527522398132 1.0
6.428415305951345 4.674487203349926 1.0
5.797029136405758 5.362184252434982 1.0
6.083336747686264 5.317515718446053 1.0
6.135585092318656 4.5992515573028125 1.0
6.06345604635181 5.200994681722351 1.0
5.556107126184943 4.0096017658880365 1.0
6.303555835958023 4.475914796587263 1.0
6.13725817886197 4.554542458502236 1.0
5.879331104273447 4.560904828594963 1.0
6.977956154125347 5.195046661343963 1.0
5.484258769842371 4.285004370657276 1.0
5.773097979474 5.201632270081624 1.0
5.764983558649563 4.891634264712231 1.0
6.4683712317676285 5.7061638530187215 1.0
6.0916695996288 5.835471516394429 1.0
5.573707076414676 5.011479877803976 1.0
6.642992003540146 4.246500800892864 1.0
5.478435250982322 4.571460905664417 1.0
6.759997430382886 5.859794653708097 1.0
5.447808330285775 5.026082539630488 1.0
6.696259224717136 5.518792833525317 1.0
5.957034616514194 5.097146469022886 1.0
5.7519488330087185 4.9625975086598295 1.0
4.997892142250542 5.188438260425446 1.0
6.474710403462881 5.043775620692595 1.0
6.633705827409329 5.249749116734329 1.0
5.332870764298623 4.3266412471012226 1.0
6.282004267536904 4.357723851003737 1.0
6.029947341558138 4.893738477614845 1.0
5.464623689244728 5.527225863465568 1.0
5.350656638918455 5.638037673003094 1.0
6.70067241564598 4.7948091031710645 1.0
5.915120853048757 4.93293360861579 1.0
6.338230366180811 4.80899552221109 1.0
6.233083213017015 4.814878779647828 1.0
5.671768162514234 3.5827227473626486 1.0
5.391030744203425 4.84751818107279 1.0
6.7441260968978 5.947944588015291 1.0
5.564601425409059 4.710575167617792 1.0
5.115730774661484 5.177740896371884 1.0
6.018502860955075 5.383951203866352 1.0
6.393163981054488 4.766790451632028 1.0
6.033746128620403 5.008169042056446 1.0
6.078253268982688 5.116090518100138 1.0
6.406337021054521 5.293629689699913 1.0
5.647539323746278 5.339987422122551 1.0
5.657994551131392 5.829775398094936 1.0
6.277981339854899 5.446236943665765 1.0
5.600288800228451 5.120393754870969 1.0
6.349690241793908 4.469388856277045 1.0
7.34811202628179 4.963037666859792 1.0
5.3535715451382755 5.133525434674591 1.0
5.671036953731602 5.484441319281525 1.0
6.3387310846732055 5.02591019474121 1.0
5.81920035960919 5.532292568063926 1.0
5.598295167913079 4.6552251111249 1.0
6.249345137454914 5.523986077984026 1.0
6.143171844446139 5.304421917237725 1.0
6.1195727903268935 5.698948130543368 1.0
6.364545281088769 5.064491455378706 1.0
7.58548738664509 5.094749818773956 1.0
6.142157259498973 5.207700313085564 1.0
6.766389607179229 5.734679384950143 1.0
6.077473712848458 5.189081259801087 1.0
5.122054708281141 5.225467230902957 1.0
6.261945511917103 5.04421104352233 1.0
6.461898280156974 4.933715992673141 1.0
6.471234059610197 4.866202626882326 1.0
6.539098651857119 3.7204076668279518 1.0
4.723505092082961 5.32680929772018 1.0
6.434481743448398 5.138435952923064 1.0
5.254371203647198 5.219695850632268 1.0
6.515219133707802 3.976338193471019 1.0
6.091962747170155 4.807255119812196 1.0
5.519747809183426 4.603441318646164 1.0
6.156533850825451 4.572952130349138 1.0
5.947828254252654 4.505999028753132 1.0
6.037293203271776 4.461450465298003 1.0
6.756664041286602 5.276566032103792 1.0
5.817472391726871 4.1043362259794085 1.0
6.264471809208291 5.123073894342422 1.0
5.817224455006981 5.469046270452822 1.0
5.806336591296024 4.848848624712332 1.0
6.004313949458788 5.26350210422733 1.0
5.426265673794449 4.781089977627783 1.0
6.107482795313047 5.048609616001459 1.0
6.410792856024898 5.002646323149681 1.0
6.514467746297427 4.963856496219997 1.0
6.1067400244550845 4.395713173133389 1.0
5.3420462947442395 4.769207697592646 1.0
6.098983644972484 5.540967609238633 1.0
5.983340358577424 4.234598251300254 1.0
5.992571148322648 5.410702968512406 1.0
6.8694363387272555 5.4971971956577494 1.0
6.632538919044383 5.105748506365939 1.0
6.104924738961528 4.379687700221886 1.0
7.005628340731569 4.977702286772072 1.0
5.5912534511918865 4.299326353480344 1.0
5.7504916810029085 5.010675611921775 1.0
5.618942744038751 4.556109931682032 1.0
5.855497394522883 4.000680262208314 1.0
5.386689170301692 5.483723075025117 1.0
5.97070672443307 4.8412284530349 1.0
5.779538683853704 4.859822252407746 1.0
5.617928038046778 4.281104263099211 1.0
5.933559711206522 4.851104560299136 1.0
6.1210589804925615 4.5556398713231845 1.0
5.615041962777342 5.269624595645909 1.0
4.7086016835150275 4.423024818173995 1.0
6.952531820280009 4.992611390170078 1.0
6.9614710132401925 5.7402573957172125 1.0
6.10413748903843 5.488319518241856 1.0
5.845442777614146 4.883266669228154 1.0
6.610692479729599 4.903579085728017 1.0
6.231565164659304 5.139547882196227 1.0
6.534254699658004 4.773307098074306 1.0
5.733648604010223 5.54537486721725 1.0
6.112804327235552 5.224856050115997 1.0
5.5698687740212405 5.164150647500378 1.0
5.898551579616666 4.945058610345343 1.0
6.36517589518851 5.552289236785739 1.0
6.199523172820065 3.6137036217866747 1.0
6.00517465728315 5.360016879670827 1.0
6.336147378506218 5.203730918120555 1.0
6.550142169110186 5.649010986163111 1.0
6.240557563194418 6.379677557010791 1.0
5.747320841367795 4.592104229003015 1.0
5.651836673069458 4.8548014495980665 1.0
6.468222862915558 4.9824524115651645 1.0
5.155884986114284 4.943767008720224 1.0
6.302560042041083 5.447777992775662 1.0
6.191366215006134 4.982878859734023 1.0
5.346736574132342 5.829065339809094 1.0
5.6661398568203 5.163481297702229 1.0
5.2890400641797815 5.998978039875002 1.0
5.87899008506489 5.759130585177853 1.0
6.432218099429753 4.628917489796779 1.0
6.558652657768333 4.740549897787574 1.0
6.345214512191524 5.3983360541823355 1.0
6.185412500640551 5.071030902593618 1.0
5.625154827648552 5.016404373806856 1.0
5.640197805724103 4.593503505722961 1.0
5.477373316926522 5.6055726448413505 1.0
6.335285225155455 4.646247151244712 1.0
7.129654475345426 4.978871424169679 1.0
5.9548089963615265 5.6837986199033566 1.0
5.52625570254656 5.122221727980817 1.0
5.921988054501356 5.524546593960006 1.0
5.971265240767303 4.804391473912992 1.0
5.67379570880649 4.804523312406199 1.0
5.950773737787284 4.6682608568189465 1.0
6.386347418551191 4.169200854442718 1.0
5.807560095409363 5.047175794658537 1.0
7.134877311993804 4.272817162700617 1.0
5.5717253458828955 4.2292063001641065 1.0
6.383331590822543 5.178146408736144 1.0
6.361550246868899 5.0123060626239555 1.0
5.5758397385973835 4.837165265589913 1.0
5.180596346438911 4.633343596208167 1.0
5.91326805146356 4.744985230122191 1.0
5.7824232241391815 5.924631864239671 1.0
6.246870888674594 4.941948030482817 1.0
5.88869715952584 4.543460390979102 1.0
6.137800336992028 5.717524693394577 1.0
5.817653227804158 5.078351927636182 1.0
6.289260748864439 5.174827228496587 1.0
6.4312980056642255 3.672190453512534 1.0
6.465204248055558 4.91234179883649 1.0
5.604738489083461 4.546349939237336 1.0
6.410160898630711 5.679974270839742 1.0
5.766577226973618 4.29154694343687 1.0
5.199081975513732 4.55640952907748 1.0
6.815798713766136 5.188879584865359 1.0
4.99179668610012 4.73027268331275 1.0
5.985908885830672 5.214165935265209 1.0
5.269133655869296 4.658280116605659 1.0
6.217773079647827 4.700387861270141 1.0
6.2703867926501955 4.090961184808215 1.0
6.1650175572551555 6.112972165869129 1.0
6.10858981631914 5.039105590546076 1.0
5.276732650218306 5.400148974670014 1.0
6.359991865071582 4.448546893522315 1.0
6.589389785579826 4.910037582093825 1.0
5.826875276176345 4.602681839464251 1.0
5.745173909124174 4.780962849194407 1.0
5.969180973913892 4.283632255032946 1.0
5.3260372886854395 4.61921330587172 1.0
5.739210161003314 4.407656704794224 1.0
5.987836937800532 4.630984545397156 1.0
6.471523043661259 3.6301614164052216 1.0
5.5984293063291855 4.767831154282254 1.0
5.477237721465267 4.457571970269277 1.0
5.968973437100833 5.629583564805407 1.0
5.727144012991109 4.057707077510276 1.0
6.492658754469933 5.3834598348305995 1.0
5.9008005515899775 5.047096150155073 1.0
6.119933552947639 5.079479337062821 1.0
7.081617974640345 5.6682639747181955 1.0
6.174084617620904 5.331629044839587 1.0
6.431759829190657 4.5976231296810655 1.0
6.824252005134089 4.224992905320926 1.0
6.468064574155541 5.339190049420235 1.0
5.861783577492082 4.8702115090829805 1.0
6.447630136444965 5.687482033196495 1.0
5.533605479246781 5.621659692227578 1.0
5.635477670602652 5.098278700364393 1.0
4.952698464396928 5.061860957116753 1.0
6.5633179610532535 4.460034245818289 1.0
5.36015541339788 4.707284397861113 1.0
4.855689979992736 5.125742207510768 1.0
5.965879197337684 5.856671360824683 1.0
6.475044208762795 4.924321395851151 1.0
6.460429411890409 5.159363826471511 1.0
5.971933489775622 4.999307478632452 1.0
6.235216572423241 5.155723535777078 1.0
6.201170820588774 4.657594954529843 1.0
5.942612337614601 5.154375620918307 1.0
6.249026202341429 4.9869038813278745 1.0
6.48034669923033 5.664531423269841 1.0
5.787668348783567 4.585017701231019 1.0
4.880197970669132 5.200749527545144 1.0
6.015300912169259 4.965179210776532 1.0
5.6539750761078045 5.7681885271228985 1.0
5.5349217487378395 4.910705453956336 1.0
6.0052500103604105 5.892935246952917 1.0
5.540997615090477 5.1262483135384365 1.0
6.125499058004162 5.5273789625901415 1.0
5.31462000872847 5.4328264614079265 1.0
5.799382645044409 4.5999587619577 1.0
6.577092015247009 5.0862522082464325 1.0
5.765567906016602 3.8992793572497213 1.0
5.93314922016578 5.538871902988132 1.0
6.0093958958871285 4.703111276110667 1.0
5.746241199171322 4.474059948724163 1.0
5.545618377020474 4.787841189511049 1.0
6.1112315820043035 4.955812238400423 1.0
5.7804052390989265 5.09066921460891 1.0
5.704298666095944 5.562209592255184 1.0
6.048862483857428 5.291476839876647 1.0
7.297212293884076 4.797983853074531 1.0
5.647649862071884 5.471630362484747 1.0
5.715343973264908 5.134952177470381 1.0
5.333894172702749 4.01568765510699 1.0
5.29701854186605 4.7049711770652305 1.0
5.796848434777469 4.567977504448815 1.0
6.260532438226379 4.712106015093467 1.0
5.507244631157925 4.264082496268206 1.0
4.872217885298905 4.488746578182198 1.0
7.248600195793504 3.877339175814299 1.0
6.48936899205287 6.120446599600729 1.0
6.213129365389051 5.338454017515123 1.0
6.3805188625734965 5.060837508246414 1.0
6.321657232531464 4.214688295683274 1.0
6.682265924051236 4.655275407725031 1.0
6.210459142087828 5.123301093130667 1.0
6.099650098448232 4.974698229519167 1.0
6.112126110482841 4.1606558185856715 1.0
6.298453240623977 4.506356653271173 1.0
5.6056653727453165 5.547319187356045 1.0
5.896527644721354 4.660952269606876 1.0
7.191572387431971 5.472239743495207 1.0
5.320109637248093 4.9792995942210165 1.0
5.543588887277921 5.558508144047926 1.0
5.183682736882752 4.216116137845773 1.0
6.1445602526394065 5.206435410223087 1.0
6.158580313146344 5.2600203072854335 1.0
5.41343829744292 5.971810592824646 1.0
5.86917727714455 4.908877608105029 1.0
5.552266719403162 5.193451248929631 1.0
6.507832640771051 5.350520670582549 1.0
6.143452244001673 3.8397028621046294 1.0
6.37699573348924 5.532657746048997 1.0
5.733755040395466 5.322527636729938 1.0
5.732364917733578 5.012702604192508 1.0
5.891525215031676 5.222696625447399 1.0
5.86599831452431 5.401228197898198 1.0
5.652716070134317 4.925182729836164 1.0
6.400282401715498 5.039130087580831 1.0
6.416325369732239 5.163533104560511 1.0
6.09753484857569 4.1092185721472045 1.0
6.659568438150788 4.558790590725041 1.0
6.346886576345066 4.920213280926866 1.0
5.405570371107985 4.7465918228506565 1.0
5.6812814872238855 4.801364092835601 1.0
6.022567007716005 6.169812403010029 1.0
6.470458807287557 5.202602040161444 1.0
5.053819053341329 4.911093428148494 1.0
6.025787471384945 5.433638314404214 1.0
6.465924187057152 5.169982491900631 1.0
6.46070419890529 5.230407238574415 1.0
5.62762258897578 4.586780730670493 1.0
5.97891427435471 4.856556403805047 1.0
5.527815754587853 5.119051573916156 1.0
5.574135401373205 5.91136180006398 1.0
5.844556914150764 5.048700083134392 1.0
6.3822487265167664 4.86581363239531 1.0
6.705586031944806 5.392901913415586 1.0
6.834625403188484 5.150994605178776 1.0
5.150947090283873 5.193640237697531 1.0
5.845493515476439 4.161998096835012 1.0
6.4379163807936655 4.942446265756387 1.0
5.88876149487854 4.5705400460961645 1.0
5.935879012986149 4.864114216754651 1.0
5.977148019669882 5.110253827878586 1.0
6.201312765565017 4.112056000019086 1.0
6.2616383302658765 4.9142268343888755 1.0
6.149119087103028 5.663192948343515 1.0
6.377870144447272 4.730433681623505 1.0
6.27165594569376 5.219521478836021 1.0
5.915892888616463 5.188955050869238 1.0
5.411185518758685 4.429901849532519 1.0
5.969186798952176 4.9463473618544125 1.0
5.93202514966084 5.568445681301347 1.0
5.662833669671312 5.015915279137175 1.0
5.4998923263052175 4.227614451611194 1.0
6.480023870574964 4.791750458781654 1.0
5.99148979306928 5.189575867777541 1.0
5.533629544602811 4.368465825448863 1.0
6.933779480213285 5.453022329137693 1.0
6.1483665862470565 5.414993079540552 1.0
5.660987109217775 5.6489228953255495 1.0
6.178183198587201 5.353286584095974 1.0
5.8260190720395775 4.323305570926143 1.0
6.29493991036726 4.818070595014605 1.0
6.182240624620253 5.735660978071169 1.0
5.630218501804343 5.7715072977033675 1.0
6.66217937499792 4.913899603651559 1.0
5.560419685582462 4.8844491962035015 1.0
5.71678007313389 4.846154361316499 1.0
6.0105310106710315 5.049727228515356 1.0
6.234192617138526 5.867939498842857 1.0
6.072021785580439 5.727136753481488 1.0
6.61243528209683 5.032428053171788 1.0
6.114026662562034 5.1007399733522165 1.0
5.807677288428741 4.778081953422401 1.0
6.692630773361115 4.848450873287963 1.0
5.806564576574677 4.744853630183186 1.0
6.1980033563308226 4.453469245634747 1.0
5.224785327458259 5.208659410515918 1.0
6.1764083032471895 4.923612788227295 1.0
5.410421034681156 5.65071403583238 1.0
6.486267894571268 6.066934123602269 1.0
5.128821901095384 4.348378622943843 1.0
6.9247956233398185 4.8929166718999575 1.0
5.944755297467036 4.169650094065369 1.0
5.031860097076747 5.094389298396914 1.0
5.701341965517319 4.881039135131997 1.0
5.975337964926213 5.119516800623383 1.0
6.344909082267394 5.650923114782499 1.0
5.527776872040874 4.794975153398726 1.0
5.3647575007571335 5.484698354079006 1.0
6.365829463515197 4.967255812427759 1.0
5.907473164495329 4.596175756191823 1.0
6.23283121986523 4.231878156861388 1.0
6.0819642862262935 5.048160677960598 1.0
6.385702974338423 5.514719414391384 1.0
6.352055511070791 4.252160241871492 1.0
5.948390574103221 5.205299250969186 1.0
5.972323725988805 4.868031325703656 1.0
6.882026172983832 5.200078604183612 1.0
5.826043925336924 5.07817448455199 1.0
5.982115964069889 6.190372675609876 1.0
6.74467798103724 5.2606518741378565 1.0
5.546350817808379 5.025972697898069 1.0
6.024747490825045 5.246918388140478 1.0
6.5481734228329 4.882892099327732 1.0
6.663891347978992 4.9493592568913005 1.0
4.81791309142941 5.0101670908526215 1.0
6.025477138505645 4.1028853642551395 1.0
5.159390892252783 4.555514320952275 1.0
5.32579345612194 5.6324916649281285 1.0
5.748591649678731 6.206226839771874 1.0
5.944729671383763 5.5100863558579 1.0
5.426999786746278 5.023533047329247 1.0
5.966362195538509 4.340802065177633 1.0
5.678190798583555 3.888298423887787 1.0
6.28829540830747 4.895850622211003 1.0
6.3866264887013 4.408059679903341 1.0
5.700673031538507 4.442051507019803 1.0
5.4476917012367645 4.9845318713630204 1.0
5.178517353234695 4.796964101870084 1.0
6.103345255854002 5.265521253489029 1.0
5.791261325057483 4.451251672614878 1.0
5.617148902760957 5.277893482041437 1.0
5.6820769608105595 5.33821664747325 1.0
6.2219316163727125 5.166837163687133 1.0
6.856152610671648 4.603942489717425 1.0
7.263184120177999 5.884960694098367 1.0
6.716676251440996 5.209199005654597 1.0
6.177378846556609 5.308443277196639 1.0
6.01654487556938 4.572919369592823 1.0
6.590689300644143 4.684048120997416 1.0
6.420815632036819 4.875270709919525 1.0
4.994059840377646 5.294851802787362 1.0
5.6872214824453735 5.496068414259253 1.0
6.5498297979435565 5.327631865361299 1.0
6.57616578239156 5.539809296018411 1.0
5.277529900463314 4.3947285029383245 1.0
5.802385508672823 4.420289741800044 1.0
5.862164732719721 4.645136017076556 1.0
5.685956220179211 4.7594864407696065 1.0
6.747039536578803 4.897420868117099 1.0
6.264522619167216 5.211314310854413 1.0
5.799351097433245 4.841672352473947 1.0
5.7509837746538475 5.964766026908493 1.0
5.421322370404573 4.843853874437153 1.0
5.861588502613055 5.56195265280722 1.0
5.387282240584916 5.422181488200773 1.0
6.119791379928196 4.815099416848098 1.0
6.2262445463198235 5.048948072706313 1.0
6.510895292794337 4.7237296632916355 1.0
5.621064569787417 4.974957952857589 1.0
6.112790831784402 5.694572657838964 1.0
5.921166491918092 6.128361748649104 1.0
6.022879258650723 4.906408074987083 1.0
6.866360593459566 5.342250553429595 1.0
6.3457693755350935 5.347374571828003 1.0
6.789432597208244 4.602249724973355 1.0
6.0198833672932475 4.216502644569199 1.0
5.772087326100316 5.713079376009633 1.0
5.803805500925182 3.4769284726000365 1.0
6.385336527231671 4.934780133108337 1.0
5.0784652249216755 4.761012997979757 1.0
5.844223733936314 5.0280826711148725 1.0
5.823003044373258 4.312524353290991 1.0
6.594014896176151 5.158471305962425 1.0
5.593426858977773 4.136858698834161 1.0
6.4072599112439335 5.029462794590815 1.0
6.165288378137187 5.474623236779117 1.0
5.6764092840761196 5.236123575043925 1.0
6.253619475554808 4.941885149806425 1.0
6.30703968517304 5.461103335783263 1.0
4.432753955222405 4.9640446838459455 2.0
4.459682305302682 5.122244507038243 2.0
4.53563663971744 5.070657316819195 2.0
4.692294202648038 5.148051479143443 2.0
4.418685371795554 4.827371739766832 2.0
4.501050002072082 5.1785870493905835 2.0
4.576103772514699 5.012167501649283 2.0
4.597873798410574 5.224089319920146 2.0
4.7269754623987605 4.8545634325401235 2.0
4.5166673495372525 5.063503143689211 2.0
4.5396006712661645 4.89069384912695 2.0
4.4489194862431125 4.881936781587759 2.0
4.412920285081812 4.942115033523558 2.0
4.537642553115563 4.890059920941581 2.0
4.557659081661494 4.9791701244422 2.0
4.383485015921664 5.090082648695419 2.0
4.686755799014997 4.902272212012359 2.0
4.53130677016509 4.914590426069828 2.0
4.595008841752559 4.98486427917023 2.0
4.382687659488584 5.194362118564929 2.0
4.392924737848945 5.105445172693114 2.0
4.546566243973046 4.846375631372277 2.0
4.244701018416592 5.065361859544036 2.0
4.3369801653033955 5.0462782255525775 2.0
4.540234164117755 4.9315189909059685 2.0
4.468844746787263 5.005616534222974 2.0
4.6883150697056255 4.865224093885756 2.0
4.612663592210651 4.892006849163658 2.0
4.430543214026863 4.985036545967233 2.0
4.515494742569691 5.037816251960217 2.0
4.409270163561676 5.005194539579614 2.0
4.432566733934262 5.003183055827435 2.0
4.514404357116088 5.1454273506962975 2.0
4.458638101924025 4.925254518855924 2.0
4.567229475701244 5.040746183624111 2.0
4.686755896042657 5.090604465827538 2.0
4.473199662904862 5.08024563957964 2.0
4.572909056217754 5.012898291075741 2.0
4.617877957115965 4.982007516418765 2.0
4.489678114820644 5.041059850193837 2.0
4.623029068072772 5.120237984878441 2.0
4.3951447034932905 4.857998206282103 2.0
4.512691209270362 5.040198936344471 2.0
4.449034781824834 4.956192569838882 2.0
4.653277921435846 5.146935876990028 2.0
4.64882521937956 5.189588917603058 2.0
4.368409258948848 4.953841539518529 2.0
4.410453343880633 5.038690249785926 2.0
4.350874240729439 5.043939170126453 2.0
4.493175839467537 5.171334272164937 2.0
4.586443619885951 4.9257834979593556 2.0
4.425524517795156 4.917356146134098 2.0
4.465208785067385 5.015634896910398 2.0
4.504575851730144 4.981281614997417 2.0
4.529823817420605 5.132638589668703 2.0
4.5443863232745425 5.0333674327374265 2.0
4.423008392555468 5.053924919129182 2.0
4.461267318259205 4.969769724942466 2.0
4.517742614225376 4.959821906379174 2.0
4.374720463995008 5.077749035583191 2.0
4.38525313475889 4.956217995525557 2.0
4.561407937034608 5.092220667156653 2.0
4.436567790631903 4.9637258834012865 2.0
4.497181777166134 5.042833187053041 2.0
4.41387743149453 5.191006495309903 2.0
4.64940790731576 4.97948417362342 2.0
4.3729515001514265 5.096939670815801 2.0
4.436415392162112 5.06764332949465 2.0
4.738314477486394 5.094447948699042 2.0
4.338610215244205 4.978725971978603 2.0
4.61394006845433 4.876517417964635 2.0
4.411221425236989 4.801920353177607 2.0
4.456484644827836 5.184926372847934 2.0
4.676405234596767 5.040015720836722 2.0
4.594725196777375 4.984498990690916 2.0
4.506651722238317 5.030247189773978 2.0
4.490154747557456 4.933652171363789 2.0
4.408717777455584 5.111701628809585 2.0
4.329372980937499 5.195077539523179 2.0
4.520827497807686 5.097663903648371 2.0
