31.1792268338873 49.22318274925572 1.0
20.259541382450877 8.41956589659425 0.0
-0.6786761964731713 5.156643510831289 0.0
29.15336295974553 42.93672710734919 1.0
6.713679298455335 13.797920305101753 0.0
14.255275568015774 11.306263862094507 0.0
25.086058185352712 35.35969357714336 1.0
57.162843446100794 4.947378166677349 2.0
32.261554911812205 38.23352548511599 1.0
32.45441069491491 43.424309911033646 1.0
2.526656994321839 9.003343604850945 0.0
55.4417288436036 19.540060099823798 2.0
62.93770059974899 10.834847500185703 2.0
37.75727971716262 32.72065851012128 1.0
36.36902730538625 2.604272094963565 2.0
4.91003976922592 8.267369551139467 0.0
45.168154992246166 8.163610757117223 2.0
12.661384957041742 14.274100216986762 0.0
7.454714514503009 9.601380633952528 0.0
0.09240480564709941 7.0554827406424865 0.0
13.91853313551728 17.565465078882355 0.0
12.50415999588499 56.03659800813519 1.0
31.636501382535233 29.108730476574607 1.0
47.04578288603037 11.147107738738008 2.0
15.81235071580972 4.00741321863793 0.0
10.530631907356085 5.259868019415218 0.0
53.50780591047782 10.15693326155192 2.0
3.8706722263066995 0.320401883249648 0.0
10.488614594930132 7.302804821967678 0.0
6.675382821873306 5.4266953719840165 0.0
3.129439442664344 13.234724319842895 0.0
8.830173437782019 11.026995805033259 0.0
36.98817628703572 36.97865781097366 1.0
5.367494746621285 15.967033343573569 0.0
47.602586815945706 9.598363063666042 2.0
9.757205788292532 11.639503127755646 0.0
52.245091235921095 24.068963873561067 2.0
12.269164467419095 9.088998619426208 0.0
41.765027934543426 -0.8213622867482755 2.0
5.853242530327916 3.952064612241288 0.0
49.065872673638026 4.915537268764773 2.0
24.332775360548478 42.968427311248625 1.0
35.59959331359435 28.685825740943883 1.0
28.78937758053604 51.981959360996406 1.0
7.845552355328994 11.534052293647573 0.0
45.61384964059938 16.666671294242455 2.0
52.11216065066936 20.178828000854143 2.0
32.86873059849959 38.3111964176702 1.0
5.265253885585112 22.60658303037571 0.0
18.25608084504901 6.715770435267066 0.0
33.659848416248494 35.984099972429945 1.0
54.278538690767284 19.831844019912495 2.0
4.466678811882817 13.30027849995197 0.0
25.182947583755933 55.767050637410165 1.0
0.14741813697525075 4.555283186863873 0.0
21.746721461881382 48.31375571923095 1.0
14.379671434355043 3.9998971050860224 0.0
-0.8964042146673261 14.242069659419478 0.0
18.694077288661433 48.1531754812002 1.0
44.90153802376964 13.667093628411873 2.0
21.514773994508985 8.256747723105352 0.0
47.495535755814764 9.994331243386833 2.0
17.392595860930825 36.20128340186185 1.0
11.55493640143599 6.648759648355659 0.0
37.31213350209633 -5.03939508111236 2.0
29.442510261279995 43.166602573748136 1.0
20.155777754297162 39.41826099159913 1.0
12.259029922366626 4.209383395133739 0.0
24.857858962413655 34.32823294089933 1.0
17.58135870222694 17.376614364244322 0.0
56.807183697343774 8.901025692804827 2.0
16.144901327369485 45.23537179282274 1.0
29.381459285562652 37.40992279082511 1.0
29.382025661541217 58.05796536358023 1.0
11.80285273505935 9.47887858963683 0.0
43.71211173892014 -1.048356825230199 2.0
18.174474431618652 11.780945903108492 0.0
35.06768038911507 18.060109518695377 2.0
30.572805509832953 39.307772427662 1.0
29.498791184101552 39.73944434443111 1.0
53.40709764954428 10.153182219326016 2.0
48.16160295539845 3.1887485259174912 2.0
47.31889775062839 12.738702675916972 2.0
43.308334800271055 39.57537430329766 1.0
15.837455081842329 13.214260554599058 0.0
57.72317987672937 19.88904577444974 2.0
10.930787719028132 5.099154295425787 0.0
6.958526407973791 7.835795135719525 0.0
33.595200745988016 36.27109412236662 1.0
13.623613143283862 4.919793307925741 0.0
46.16930035193277 3.097793887655035 2.0
31.180582703767094 43.093584546985866 1.0
6.286491966726308 5.96927231548724 0.0
15.75442111996143 23.27755087857763 0.0
20.396691999480506 28.70507021486281 1.0
33.79023909743351 45.314086122118525 1.0
8.182860540454767 -0.5220006718267438 0.0
37.86261042662657 16.004633340174124 2.0
39.053479689337514 25.898207993846462 2.0
6.889947179467219 12.641103451313965 0.0
13.453225306166225 11.293852865864118 0.0
14.533819766704848 20.661208994856178 0.0
49.8892980312461 4.482177807486609 2.0
6.874395335530853 15.994791560264307 0.0
37.751139979554225 14.114038048142678 2.0
8.232022940247878 1.2655177262460526 0.0
42.4086678334013 23.978905583324465 2.0
28.71972491226612 49.62413493403729 1.0
43.19210414154226 50.80270469790533 1.0
41.78749384020508 36.78781015991742 1.0
33.823989736025894 40.04495588867656 1.0
14.299166900303977 15.302553970331136 0.0
6.328358136041585 13.425621928595426 0.0
51.56019987222501 3.9337434488992784 2.0
16.097872924021846 7.717835274825112 0.0
38.66798150003545 40.148901037152434 1.0
47.37105219400812 14.825499448658745 2.0
10.036705898027282 10.328864156353195 0.0
-0.3496539325719912 4.96109054123704 0.0
52.67087973254828 21.450934254649468 2.0
56.78539370133335 0.13981348185192743 2.0
42.737950558824636 22.154271389134152 2.0
30.550446332212633 26.012595208275247 1.0
9.332931273291335 11.953150680392374 0.0
34.64016888067189 48.21431700239727 1.0
40.958370202608606 29.29341340462737 2.0
55.484061910321635 24.78887066637129 2.0
28.25916211671517 51.25141903213995 1.0
28.618631057848717 38.94108701442542 1.0
47.95056198003696 8.06802043303377 2.0
15.537223629301328 3.634287816436828 0.0
7.47323683926644 18.115308623549737 0.0
35.31250012850735 41.96833996778563 1.0
9.723113923003414 14.770504881608371 0.0
11.39341786901429 5.798481859888438 0.0
28.914018087864978 10.027004052777288 2.0
53.31892400289529 13.70630824094485 2.0
26.683124570503587 39.898834103852046 1.0
50.7092607276915 11.578525659244765 2.0
23.753075930414724 10.2468448638021 0.0
41.266392990885485 6.903202380204792 2.0
45.162042683694295 -7.644528456792553 2.0
10.421611469587186 27.242694787397003 0.0
-4.1759981066032505 11.305180203385994 0.0
44.256648874019184 8.155802998557993 2.0
48.58580669507374 -2.3889463909099735 2.0
-1.2451242418030084 11.424245451070561 0.0
21.102117713017464 1.335291508212057 0.0
46.239662817923985 12.127025837216388 2.0
53.854928493747934 14.378118379023736 2.0
39.29115360221401 15.543348984252889 2.0
49.68554169897895 8.924025724786139 2.0
58.09170428326685 20.73180732424705 2.0
15.147015706939838 35.74524609033897 1.0
48.948219234626656 16.60837737153205 2.0
31.407693327004772 47.35458077205328 1.0
27.75756884263976 42.96916162481342 1.0
55.38288988773456 14.734513069931024 2.0
53.01127620878013 2.783587565139917 2.0
2.9710146327355247 4.625417044271101 0.0
20.516499364672196 10.518663462938427 0.0
1.036994532526018 22.283559273890553 0.0
38.402897355610975 35.40174004720023 1.0
28.522088328206138 33.08974330994171 1.0
14.954263548188328 6.062732568740127 0.0
33.77129194712458 33.55528484844444 1.0
34.33407982703638 54.40246828798189 1.0
9.50884001978947 -1.6267265346119402 0.0
34.163280391657004 45.97390891146215 1.0
25.478250746128253 34.405655953448225 1.0
56.60078611734108 3.0629582743127974 2.0
3.991495538731505 14.90216915586294 0.0
38.3223936003225 44.958126930407445 1.0
54.564903977756245 17.74547728426289 2.0
35.435173595611865 12.160458867131377 2.0
34.43643816652469 42.896593682160486 1.0
32.773256641030045 18.777221694029564 2.0
43.72987467530883 4.475671581469925 2.0
8.691898490870486 6.921882592080776 0.0
16.297199128032755 12.151096646136265 0.0
32.151846884663705 45.71016048777508 1.0
0.21002698326601177 13.940784656833996 0.0
20.661868540887603 13.772370305792611 0.0
46.99842895740851 7.458279225950127 2.0
12.072841939452033 11.827386905259225 0.0
32.72005023171675 57.450996622029535 1.0
37.21500518493002 13.697381328655542 2.0
10.642325435748516 -3.91298240220625 0.0
-8.556788658751085 17.64054796345723 0.0
14.517631647096032 19.58042090272644 0.0
43.846861201701614 2.4807751911290827 2.0
44.22609957330197 11.414566977115184 2.0
22.926458972333663 2.509406635716932 0.0
41.931562527390334 -5.701005533380632 2.0
6.22168223783447 4.5518669221838115 0.0
22.686335641852764 26.235503874367986 1.0
24.589856325234734 42.849366009871744 1.0
11.959780384238742 2.1215766689113646 0.0
10.896730904375525 5.232638397675834 0.0
10.128928654326861 21.73506118592698 0.0
44.598573800204946 8.843850634275856 2.0
11.273063785409466 11.737544104102353 0.0
63.91081081482665 7.4300578710567065 2.0
43.89371116657135 10.303502683580817 2.0
25.509628833439336 43.02345781271758 1.0
10.842069421983291 13.601071838411244 0.0
51.52508473012019 17.53048464613987 2.0
31.552165659186663 17.83702438004204 0.0
11.477122270418329 9.323008216907253 0.0
6.1344386900332015 14.430522724288576 0.0
6.874964698146302 11.358629950288153 0.0
6.340938856366723 17.343064580858226 0.0
62.13115244202858 14.816946563139869 2.0
38.59368294731304 31.53251286916156 1.0
26.72609159081676 42.42552717211501 1.0
36.78620040368716 42.99036053310179 1.0
23.7875547553853 36.937791897736126 1.0
19.819560176552695 0.18704256045403334 0.0
22.326074391733588 29.91964382183994 1.0
26.248255884201665 45.65640458796801 1.0
55.43498626365203 0.8096477187307514 2.0
32.054905525166404 30.503927367636166 1.0
26.2996832277517 44.104548131285654 1.0
40.087143394768795 -1.7402021260195202 2.0
47.376842267896656 11.241525470871833 2.0
2.2556551819578026 1.6265536314353035 0.0
22.62422306597552 32.52537954894565 1.0
31.040672200414782 37.64039820217373 1.0
16.08724144073962 19.489465011634657 0.0
25.784515577467538 43.28141979252516 1.0
61.87292822828772 12.844906790285279 2.0
44.52296139391997 16.32500479330215 2.0
51.386733314963266 11.951625583268003 2.0
54.06614911739672 41.409901651490614 2.0
59.695551883091206 12.090004249870848 2.0
-0.3501037204588915 18.006278302448504 0.0
30.34202049227993 40.284141838427175 1.0
54.926169198169134 19.63107549735053 2.0
37.74956468500881 39.15733185232481 1.0
15.757814384722323 1.4540944502028452 0.0
11.498656208911427 1.2798285490160843 0.0
6.602455165196275 10.573118975704258 0.0
42.80972761341498 -0.6425090059119185 2.0
33.85036469317186 33.221588815954554 1.0
41.74390569853509 36.124882308044036 1.0
65.81152467612388 -2.513932893688411 2.0
15.298920316517464 3.5448427307566224 0.0
36.02331441851822 35.91845793001743 1.0
39.68990972957363 43.94736384036652 1.0
58.48167925999104 32.07728031128862 2.0
57.323122204481294 5.603677803235721 2.0
16.678012344452416 14.559738759140586 0.0
2.851370280085007 14.958495131095473 0.0
31.185525768252546 30.10399852166514 1.0
20.071439869468776 27.67433831613457 1.0
12.890520179929371 6.053928130372177 0.0
45.626559323301876 7.826759117391574 2.0
40.31062456575375 15.846112952532195 2.0
28.68999014496816 46.90010996975904 1.0
9.680897885511515 11.703376145258844 0.0
44.09371073268636 40.95574731757916 1.0
37.639170844159885 44.263966846350236 1.0
23.451929085687834 47.60187481322522 1.0
3.1772283084087496 15.509592226197164 0.0
22.671623121226425 43.756569267691006 1.0
-12.688871380483508 2.829286510659971 0.0
33.32709648401129 23.79757319808887 2.0
29.808868223430476 33.467124286487625 1.0
-0.6355897616780943 6.61036148993624 0.0
29.67155594784571 43.33928579056185 1.0
35.07567050793598 43.61324800980471 1.0
27.84376001069981 45.45762372588538 1.0
30.729407727663133 39.561848104703344 1.0
36.884126699796525 6.860231151513016 2.0
13.312663372014814 9.490197611401891 0.0
45.80729281652326 11.218838976269776 2.0
56.99613659306018 4.801878185213863 2.0
47.13327878383022 4.819665554918727 2.0
27.34610581308759 38.57493747928347 1.0
-8.33821572862821 15.753317530626568 0.0
15.743375268381548 13.550918217751084 0.0
32.3238623139831 41.33349775845346 1.0
25.706181355213424 37.8827121945831 1.0
48.48703687378373 17.373200895395676 2.0
28.78849723001291 40.10905333307027 1.0
56.86760893325332 8.12303544034069 2.0
29.850428939560945 34.76951824596524 1.0
23.85412189270407 34.21183752172098 1.0
48.156794286353865 2.606134845853565 2.0
23.198402858210997 30.342672846477484 1.0
28.18670497925508 38.62555105640515 1.0
11.706604996398392 6.051449584842901 0.0
0.5627020452600089 15.202848658159006 0.0
5.085628342858533 7.706364973815623 0.0
62.64432549254699 1.8792464653770509 2.0
53.789056614491635 2.5889509601476925 2.0
-1.3927970651821386 10.336594626629674 0.0
29.763519378445576 7.627140327441613 2.0
48.47968771998804 7.140436617516583 2.0
21.809208817584484 27.386136936939863 1.0
35.36256194869283 48.58853256719016 1.0
55.45641652570096 21.897969242687417 2.0
12.024180507354727 27.18710097937626 0.0
38.60834278039884 7.866781366124682 2.0
32.79781566226849 35.4405017434572 1.0
32.09415013340022 -6.965601221080529 2.0
14.134583814846165 17.760925064080354 0.0
44.59433536670711 10.273219339904196 2.0
6.775528603281487 17.39985558353241 0.0
27.766622450333674 34.42781900237558 1.0
45.005236882294206 8.523797138753203 2.0
45.93487841882151 8.817757449460228 2.0
56.145657733053895 11.723172043650303 2.0
59.7846645367626 7.929164797041347 2.0
23.004884373935624 36.46657555140248 1.0
21.62881856575371 43.11221867754099 1.0
8.360926376936648 8.361041301355737 0.0
46.91982550629709 13.063911877927428 2.0
32.79456185823695 44.53037157791918 1.0
3.099917675651194 13.528325608624911 0.0
41.689331530459846 42.76270070876087 1.0
39.07896182592776 39.839923563907824 1.0
45.35957406903965 11.915236004283017 2.0
14.107999656601892 25.33318938066985 0.0
49.46257367960516 4.273920087113986 2.0
31.776177630462016 43.27385220235803 1.0
31.869886557080385 43.56107516260954 1.0
8.462296785137417 12.499788000582225 0.0
37.882351755405175 39.640243934880594 1.0
49.575034775859635 19.788551059349018 2.0
6.124454862569726 1.6148547518780614 0.0
21.400308818999044 0.3392897924957605 0.0
59.64795613237453 16.21925882211609 2.0
70.9663447282398 1.104263793806691 2.0
25.440073974698862 36.61279916161975 1.0
13.605246870460618 13.596501656385461 0.0
46.351033380206495 11.451412960911771 2.0
49.75152853703278 2.722532664145331 2.0
45.26115235478357 10.988381567644659 2.0
30.61884820404293 50.34271056738683 1.0
10.201213760543723 18.949163038251093 0.0
56.63579873545399 8.449390889817572 2.0
26.620795344725774 33.326699742189014 1.0
29.82951785417312 54.99589251028304 1.0
30.577078270541524 29.797139503745484 1.0
25.760691221841952 52.78206799482855 1.0
9.757017612063297 1.819253736663276 0.0
23.659873893961667 35.42363562945826 1.0
24.50571180842432 44.537963036907016 1.0
37.73868153070589 48.30921213892266 1.0
8.761369407541654 4.411919288230823 0.0
23.50852806066598 41.66858287914349 1.0
26.742826802539625 39.25836151987105 1.0
52.35379303210795 8.124737597469425 2.0
33.39312972106132 34.075503415063885 1.0
11.568647372672917 10.088146805472563 0.0
29.309883074010166 40.131947360613935 1.0
46.2847659015249 13.696487146015173 2.0
12.176352959186032 20.327493518646865 0.0
55.72305052352995 15.745485805663476 2.0
12.051507313090768 4.999540073815425 0.0
1.2392240306668914 20.10635222851282 0.0
57.008374340238355 21.781365406007858 2.0
23.12258824523183 38.42756795002083 1.0
-4.266871746244977 2.9433958235781716 0.0
4.992874035180223 14.757184242542731 0.0
34.85108266436971 11.706349658983509 2.0
36.41429372291737 42.42541933128595 1.0
15.231055235862833 14.272591858034254 0.0
-0.13659039048126864 0.14775357936411382 0.0
7.601186841437558 7.39991393802946 0.0
58.14129173474802 12.171962486605183 2.0
51.99446876513383 18.360707792678028 2.0
32.36938690423184 37.93219012902679 1.0
46.66106549115933 7.6392806860967495 2.0
52.94119434393137 -6.800212061212992 2.0
48.15306900924185 21.626085306568275 2.0
48.164874047455775 9.6521844014891 2.0
30.266024347177403 40.84021928702783 1.0
34.87868083157515 37.66326357170793 1.0
6.087547069098882 12.640483125451645 0.0
54.50304688139484 2.9614851719835658 2.0
14.551408245710626 9.30576895354432 0.0
18.931665085775066 46.26526819853281 1.0
40.33578244808127 49.66063947903216 1.0
50.327353403165766 1.9825003537482182 2.0
1.6608755195814595 14.595875260436808 0.0
33.05856718822445 48.33452392350439 1.0
18.255080288446784 10.472629369870763 0.0
54.97765715234721 0.889335057753847 2.0
43.40388670777861 5.131282214082397 2.0
46.69227871101379 12.08224405266309 2.0
9.718894345489597 -0.015425714826337256 0.0
11.869351861084812 16.22741556936406 0.0
29.059838809706164 45.675657912118474 1.0
41.30203248909758 1.3133989689185164 2.0
32.020855404959 41.82225287139855 1.0
10.407461029121999 1.9992079151856377 0.0
32.23422157293426 49.383153122162014 1.0
17.044049664501085 5.961756913337958 0.0
0.34476540389830923 4.883489720406566 0.0
19.103926709381742 37.003193873238615 1.0
28.27756258309036 34.097273832786655 1.0
49.95523184936763 15.3499332447401 2.0
34.4663577100853 43.5059113246112 1.0
12.154612382244414 -1.9711787485963796 0.0
1.7171904113395744 -4.2746252443207045 0.0
37.821126510256875 18.901506999919402 2.0
35.0566695047944 37.39016793535763 1.0
2.9152693731788277 -1.5839967030603859 0.0
37.004076226300846 35.30565853646348 1.0
27.92059176788156 9.32758070192745 0.0
22.544204358472392 37.86342706951733 1.0
50.167091906367695 11.845607245749468 2.0
8.383458288539254 14.873444553693929 0.0
-4.867270070168647 6.319714848234673 0.0
46.506242111675235 9.47093908299342 2.0
41.5287393035472 21.85330721970079 2.0
35.12848054050905 39.43498393923992 1.0
18.110169053051827 4.255223771538027 0.0
26.99488442837918 35.15305314088301 1.0
28.414611308051178 33.28392534293564 1.0
30.224029043460366 34.72607490757672 1.0
24.498073776444354 30.681369325095552 1.0
34.98757835166501 14.95769156772909 2.0
13.99623357485217 17.948959481264193 0.0
29.061879833289577 40.10281736310438 1.0
52.68046423267294 12.529247657462227 2.0
27.74124112810505 38.24416888481467 1.0
38.041359902604725 27.822003548553305 1.0
39.91868187861936 5.06910873568418 2.0
49.40841947513286 6.386724190723019 2.0
8.269758322355822 5.22611026401541 0.0
14.831007941977788 7.191456696799146 0.0
53.36075592361473 14.854804745725367 2.0
6.876715967496542 -3.226785116618718 0.0
12.001057735074335 12.341197529909175 0.0
34.294625809112915 32.84045204361116 1.0
10.09101324314535 20.174738540101217 0.0
0.868713496466027 14.68770784181027 0.0
33.95856751942081 27.674660685909274 1.0
30.197268101583898 39.936167023490576 1.0
61.356824036109096 5.196611474090359 2.0
15.77791444291621 15.69456745200447 0.0
4.197034923545494 6.078732718621213 0.0
58.47949107237297 14.93604759661358 2.0
30.8624336474914 43.860397632283274 1.0
34.47111155420429 31.998965610886614 1.0
55.03623667377449 3.565473922720061 2.0
6.586756431492545 6.972092685262654 0.0
44.805015693428594 20.5704322581841 2.0
23.174171475325238 19.417940323084842 0.0
35.157907279647034 38.030707100172506 1.0
55.54783129531195 6.863898880646963 2.0
-1.991941703636142 19.47710661915789 0.0
3.2311669980955093 9.666020507006142 0.0
11.819179559738965 15.472760102441173 0.0
1.3413450238534264 0.7568037084100663 0.0
28.8087076423255 36.82740365470907 1.0
25.495151173777767 47.20972572306813 1.0
58.31289429936215 9.39388570771632 2.0
36.19354616967523 4.579482781314759 2.0
29.081201230353866 40.53796318071138 1.0
11.901051860367614 1.0627599692578347 0.0
35.771299327947865 12.557214607351817 2.0
31.124017867349053 40.0213221410739 1.0
28.822993269906473 36.695365956120106 1.0
29.29892146464033 38.57428374876124 1.0
40.29819229245526 38.53473425993694 1.0
11.893197780458872 9.648333233856041 0.0
39.7472571004503 38.24967439780733 1.0
36.26635254019413 44.446202611773785 1.0
33.191214404571255 55.15501641430759 1.0
30.489462733788567 8.925766702509566 2.0
13.605333804142335 36.96912043458305 0.0
4.072443973521165 -0.6039305728010529 0.0
61.381985088799524 17.40972321793274 2.0
49.845916962124846 7.896873366333859 2.0
39.795488056102016 46.47243578038938 1.0
52.78141186830669 6.1021714870915815 2.0
45.97620183558926 12.107897722648477 2.0
43.29131361242215 2.9065526217323416 2.0
37.53204997019019 40.149181540703594 1.0
61.7134179100195 17.974870187726463 2.0
45.13699791459346 5.687018374808171 2.0
26.15892564581327 40.6499143079878 1.0
31.492376397663826 34.736214677828265 1.0
44.73506808739795 7.570191769786683 2.0
-1.6858369678496032 13.803521346659545 0.0
10.541578153533328 3.9710105907021545 0.0
4.5172269536463405 7.7455693865602715 0.0
27.120263857317784 10.904548273826592 0.0
23.674086974889104 42.270514972051224 1.0
59.899505077473115 6.34158675930568 2.0
24.931233622593865 -3.664614596657513 0.0
13.708629245406978 20.090980344605303 0.0
20.858063828657663 10.809722440050011 0.0
38.027765959279364 4.799808524744814 2.0
18.943654270518977 5.859000278149191 0.0
31.327071316191205 47.007322647969985 1.0
29.551031573849052 42.30133687212437 1.0
36.434602542026425 35.32299140122704 1.0
21.64252495520661 41.00060166334595 1.0
4.121947104734567 5.8042514818918445 0.0
53.516009844961815 16.231492028096913 2.0
25.316490829380584 47.279332811772534 1.0
12.399077424643929 13.197272534076488 0.0
10.097505043390623 9.831124390229977 0.0
42.34850898545593 13.779250223043018 2.0
24.80270590011366 30.759842421455062 1.0
44.12660960977203 10.655964451308483 2.0
23.072603044007636 46.58539831591751 1.0
60.10965342123735 3.2294721802741133 2.0
3.6438314713515236 0.11387409065295984 0.0
12.288491616349138 8.46629629833795 0.0
32.11844825667323 34.72006904986449 1.0
49.6574129495074 10.464181878467162 2.0
15.694620521587687 1.3839497849623132 0.0
15.169266059967873 11.199577968329793 0.0
54.5850225059296 -4.286931935472889 2.0
55.85993682223842 12.309789302600187 2.0
10.672845438586883 6.764072979064703 0.0
62.624944460497474 17.883597484921747 2.0
29.95750361922075 45.86943542116149 1.0
28.635642037531234 47.93639067806945 1.0
22.583805687946658 14.485900028869068 0.0
59.55287522437898 2.150675750882547 2.0
30.73762854302172 30.66182153557257 1.0
21.532136800112248 44.19950110997343 1.0
54.41181020191618 12.724713731203973 2.0
51.51764934088317 4.7041425776271275 2.0
11.37564818791029 14.963026303119587 0.0
24.982243755780367 26.934243680488578 1.0
22.830692229695565 52.978647964339316 1.0
38.520109645778476 50.64921236345716 1.0
48.55686654590074 20.982787797412243 2.0
9.853688842250962 10.821291683161474 0.0
30.837062578899072 33.18851741382911 1.0
54.97655992244839 20.63146655628328 2.0
8.317722212893054 7.376254347152818 0.0
41.8888323816597 10.685497291226872 2.0
42.50794900168323 4.65776354824891 2.0
58.41558094178335 2.0155149814846967 2.0
47.648264418686544 9.427205985135465 2.0
28.32747530581214 37.43222911729719 1.0
19.320405798009336 48.838088723990275 1.0
50.6076421433287 15.941459346877778 2.0
39.13038170014707 28.362556083750277 1.0
22.276433756782886 24.929765849332618 1.0
5.984365951838346 6.1719874113172555 0.0
28.505899903488544 50.43508295794966 1.0
13.352858780224743 12.335634737008638 0.0
42.12760499639565 55.61910102334843 1.0
45.0587848365252 7.471417151783601 2.0
22.353810647291947 37.78514085213639 1.0
17.216996657471658 16.518960833813388 0.0
16.567986641831986 6.387686902478382 0.0
56.267124074260764 7.987688911644034 2.0
49.7310994823703 13.637927297129075 2.0
31.34434381543022 37.83618475058249 1.0
14.803821332621595 -1.2890110983275616 0.0
10.500963660535747 6.656397872644183 0.0
30.474988573691824 45.969415725855534 1.0
27.462913410178075 32.16231073761699 1.0
47.16767431247181 5.411185816824792 2.0
54.00532577104968 10.39818949744768 2.0
28.29090355296546 46.7486101780185 1.0
2.4325567068007192 14.311549248609847 0.0
20.047325332807095 50.50933556368841 1.0
54.44410117073799 2.650507908111245 2.0
10.035794196497227 8.357890066373972 0.0
40.55349747752924 18.914573557350977 2.0
51.840566073531214 13.981944712731154 2.0
57.0950991207784 6.633905650551574 2.0
11.936835595310134 15.790282743252167 0.0
6.113603313147611 23.16809948608413 0.0
64.43478487829394 8.47276966618161 2.0
50.124946671596824 17.218217390293177 2.0
49.23628602328741 -4.209970667731614 2.0
19.647619018581096 41.28351943845409 1.0
19.138351650080303 10.147026891429313 0.0
5.069594166200686 0.14077092545508307 0.0
66.09816356560611 18.18967636885585 2.0
53.997480882423474 13.776018167354195 2.0
10.697559555613488 6.475670421186606 0.0
38.31170236095326 58.1269454941303 1.0
35.559852757352786 31.219974037815255 1.0
31.572793080263203 46.528135823111626 1.0
3.2455357759392687 14.802360219989076 0.0
48.884429794552005 6.398485881188707 2.0
8.074638119938491 -6.113448153149093 0.0
31.052932336005036 42.55472701726358 1.0
25.73341458488502 38.69120087910188 1.0
61.8154754089462 0.6577635898565202 2.0
25.285565630292922 41.952959135566616 1.0
37.56992987187149 16.54311726420023 2.0
13.367064622156992 11.56718816995392 0.0
1.4451053377563827 14.990989011206716 0.0
65.96533991827171 34.87934844804289 2.0
36.42821624201619 29.006495774637763 1.0
16.825838133924258 8.970598329485028 0.0
53.27810236767598 3.1112967186114364 2.0
24.855093379088434 17.227256823858028 0.0
55.20360074028911 -2.024642414078544 2.0
9.74921772623034 20.952505590698046 0.0
16.003617362414136 8.88043029025601 0.0
1.173812319654683 16.42503362938343 0.0
48.052928164999855 7.601294429800955 2.0
29.767390065488776 38.54318199909222 1.0
11.64930190675996 15.396056357208767 0.0
32.3161616255012 45.834702731262475 1.0
45.603542912731356 16.876703095838415 2.0
50.76275359553046 7.892414271342007 2.0
34.966162719973276 36.951595406011094 1.0
35.60286667659378 45.280039308695024 1.0
64.40408945208682 19.911570823515497 2.0
9.213703652164192 8.453212803267439 0.0
32.26217399929347 38.96678189590932 1.0
60.25315036003015 14.461528485800997 2.0
11.307367351339549 4.712319473526742 0.0
1.943044958043881 12.629886128419704 0.0
57.12158728899829 18.28199467779002 2.0
10.76576356223425 15.080366367290843 0.0
28.451224634899596 38.06230690077756 1.0
25.495372387339 46.49488089656866 1.0
52.75030305239908 9.610781187436391 2.0
25.32336682449866 46.94429644675566 1.0
10.44996013366824 2.455786554494857 0.0
44.4258254525634 14.656212536677815 2.0
50.114184542691476 2.3684846448268413 2.0
52.93985332379444 7.491762510620816 2.0
21.65832111123804 17.100590455126913 0.0
23.314141944554528 42.96519345915423 1.0
50.34811734914773 14.46511611614805 2.0
31.883888588715752 37.59765407151813 1.0
57.898676132712815 9.392391810859818 2.0
30.53775323742179 31.019054430680015 1.0
43.31885678695981 26.716309773558187 2.0
47.1229626203803 12.408858713533936 2.0
44.917100889394966 0.4826667272771097 2.0
41.62881450183509 36.8003262038961 1.0
67.75024186758507 8.72763831679959 2.0
41.739808771779686 13.183416399574472 2.0
8.27979855139839 8.090935011766307 0.0
2.739276919714805 8.667629253414743 0.0
3.564030360363378 20.849540835122774 0.0
14.499059319072806 19.304067710927022 0.0
48.97960703697973 22.08923944197878 2.0
47.883881269515115 -6.030898915254028 2.0
32.46013745279108 47.49105166821499 1.0
51.677275322197005 6.066910514943621 2.0
48.17120067727985 2.045205003131902 2.0
-3.4313985070932898 9.814402871855481 0.0
38.37642040651956 35.731519669764324 1.0
2.5037525135722136 13.377306906702298 0.0
36.82638340847701 43.507659189578916 1.0
15.762194087733402 10.513225770318828 0.0
45.96656135193863 9.347818615186833 2.0
10.390074386020862 17.65934062929664 0.0
56.49117243593274 0.8138936899790536 2.0
25.633617275129364 53.3982194770675 1.0
43.21892857104732 4.7832888912555145 2.0
45.64708798308646 8.697656751421647 2.0
26.868746730388743 48.96711453214579 1.0
26.136992978752872 57.90739499967776 1.0
33.59174058723258 38.18317325691258 1.0
29.037860397606156 46.67012183042057 1.0
43.420640540942394 18.96824533859577 2.0
16.890256789336085 8.502078090421437 0.0
48.388067728419855 9.947829478164335 2.0
65.70069752424635 10.029565374782779 2.0
19.003866935520506 32.11262771763136 1.0
41.31879578753762 3.396715760168359 2.0
14.97671977742444 13.109843180402278 0.0
50.847155624921875 14.675303843779874 2.0
58.17106636343519 26.7075421829594 2.0
40.595243155001185 2.8394412617871625 2.0
54.347835029360745 11.598483469749707 2.0
12.326198083857141 4.760594244104125 0.0
38.9790599939661 5.481807966632462 2.0
14.470147211441617 -1.6306404358827198 0.0
13.476999071078628 9.032149891801707 0.0
19.943529735928983 6.004775943753666 0.0
47.03593521127977 -1.2445361534291361 2.0
17.222911776280444 -0.39892261125880424 0.0
5.535820110240788 6.283021314987277 0.0
9.561246319087797 16.68599624350867 0.0
30.306680303853767 38.97098598860058 1.0
5.795529170568365 7.9581437514470625 0.0
8.117779166116186 2.254318638808307 0.0
33.219805000573814 35.25599241173526 1.0
44.442294951287536 6.7257404950951685 2.0
2.910182157659033 12.199731328166918 0.0
30.49036514179227 48.13314811825733 1.0
45.44133657408993 12.636069884584073 2.0
5.01007952125985 10.745011593843278 0.0
48.75281457650666 5.613701628075193 2.0
49.50588640111897 13.83553214468851 2.0
36.090474114821276 43.46977321580823 1.0
12.580713162110309 7.2466283137084755 0.0
25.790426492341503 42.23847353899776 1.0
34.745481099374885 36.58462014298008 1.0
4.970890451232948 8.505869938017069 0.0
16.54974875203223 18.900885664959112 0.0
52.36499590997676 -2.133140395366329 2.0
33.5973549476124 41.25707247357719 1.0
2.563874003917266 13.315147014446271 0.0
5.87444670139052 15.947214679147173 0.0
12.282931155694826 1.2422049653028786 0.0
42.289928590315114 2.342792680839657 2.0
48.12784112714415 13.730866995570675 2.0
25.45505718453795 31.432418132664203 1.0
48.59316476454343 23.291761325824147 2.0
26.61769476390438 51.01790734303023 1.0
12.531452175333438 5.48416171776413 0.0
49.33249624167711 -1.5971617575882409 2.0
26.618572638215923 41.02755108389884 1.0
2.2259690817391986 22.26589310396536 0.0
14.426854173388646 16.807881147387107 0.0
41.10833634450374 11.97203822745604 2.0
40.484704857061374 23.141383626047705 2.0
52.02532190430385 16.562752100899647 2.0
21.393152838833082 43.47689456265565 1.0
56.55022115003889 22.30345534730042 2.0
8.871000018337936 12.828355997701768 0.0
41.86653497138802 8.04735621060639 2.0
0.758367550855505 22.820211360980476 0.0
31.685272256419978 58.211781799262766 1.0
44.060126139692926 6.1175533170570535 2.0
52.79720037839755 -2.518422170896441 2.0
29.50650855358636 43.40551150678341 1.0
66.79777431333213 8.023794394032027 2.0
11.818057512050373 3.66978362426914 0.0
5.710479166609296 7.286089080448111 0.0
33.90828838765206 40.53203773988688 1.0
9.870408048053271 7.979389527559032 0.0
32.15635377652872 37.258460028047466 1.0
46.50588610209426 -2.8526168059094346 2.0
26.092286865334753 7.460130076922386 0.0
26.17628886223262 42.74262803781782 1.0
53.936150783942395 5.791721258659357 2.0
41.29597888341053 43.17474011059786 1.0
8.282283187979907 4.723846849497573 0.0
38.39059447958753 9.903288417231563 2.0
52.97684378085491 13.11327356534343 2.0
12.40532802697923 -2.341281087539137 0.0
5.63801631502665 6.1116601658782175 0.0
21.426879127521445 -0.010989645724428954 0.0
36.18176844003011 39.45513962091039 1.0
40.374393156886846 1.6636447020551763 2.0
18.4455627655585 4.281450303089348 0.0
53.733367855728645 22.16804981727504 2.0
20.181763097402147 52.247037202308576 1.0
11.212266480958274 12.697221658101856 0.0
3.7110973005614944 13.44343420054554 0.0
33.00171550231401 44.85173925084201 1.0
51.280145806822304 14.01426188934036 2.0
57.12306530815829 14.60164012885253 2.0
3.3542077781763986 28.426674453861736 0.0
31.235090886940576 37.43080512641674 1.0
10.129037531457753 12.433071937531697 0.0
10.171571219812598 13.485988038718148 0.0
53.125567367425155 -0.6117770264886637 2.0
12.287987340775693 37.997970446839226 1.0
49.17396191880762 -3.145510489233338 2.0
38.21187246310649 42.58749534538666 1.0
38.37600051165144 38.89029298881121 1.0
39.66189843915505 15.517662441961555 2.0
13.506420313370665 3.1571132864101425 0.0
14.03950489026378 8.578682297699052 0.0
11.71476599776106 6.451397772402092 0.0
15.884504842921068 5.431632144883263 0.0
41.01964155004469 2.659977431885891 2.0
21.810582150027983 19.894164507028457 1.0
15.849844784455993 2.0920520173966732 0.0
10.319002879326696 5.4387975667592805 0.0
55.12383836160659 8.47597515201751 2.0
41.264528796837496 17.12198000669207 2.0
10.678971754949027 14.166099178058396 0.0
22.367206457900078 49.87652665822389 1.0
53.705650336792985 -0.9371024516819659 2.0
43.59969148481883 9.49180340307716 2.0
46.2735554470547 8.793298307466438 2.0
43.84003147042034 -0.36893331399915574 2.0
13.829681668190265 8.584651432962742 0.0
22.363234988493613 37.12429998431791 1.0
39.99673812824226 14.836122610842935 2.0
9.250787480318095 2.7533037430643814 0.0
15.687680756759386 19.493680199995758 0.0
52.82003974685504 5.4371890686905555 2.0
22.563245302971843 42.99814968045354 1.0
6.185566392337352 12.793952800464496 0.0
30.986203728378428 27.62092444106004 1.0
55.32739401643569 13.372692884915645 2.0
12.504511522437983 13.92549168457764 0.0
59.74367321844447 5.894429083892832 2.0
18.849043865278315 43.083323165722796 1.0
23.42465224326872 38.99138710994869 1.0
27.445330893199802 34.12553232862695 1.0
65.23309271658405 23.007671322896506 2.0
63.387616722388294 20.723688414322783 2.0
28.019961258198123 6.002158590786955 2.0
44.43052503645478 48.458563614152 1.0
43.113084433522815 47.56033646000254 1.0
54.086336708220756 18.24464468499246 2.0
6.573923902372445 17.309126139483503 0.0
18.04491328399973 5.077765024118788 0.0
8.327363671935132 3.647054365708815 0.0
53.09058654249248 8.364230232111028 2.0
14.518389267987528 25.14278306313822 0.0
10.339651395613789 4.183349185122736 0.0
35.194667604065145 42.09504806284544 1.0
47.76829655734553 7.761918652033325 2.0
33.80520108216103 37.40569967539726 1.0
46.055017420801825 21.549056027750513 2.0
-4.472094700279136 9.376159723410481 0.0
5.437147245384886 10.331790699214897 0.0
7.793115287517581 15.31278454345287 0.0
-0.8546440174629293 10.479940823642192 0.0
6.849541699645295 14.35994952643249 0.0
49.35520200562591 3.3355515439939305 2.0
27.2827622702114 41.19291355662841 1.0
27.74855464147832 54.537235884925884 1.0
35.171673366212524 44.30757238809137 1.0
6.833855765256462 -6.967155286402697 0.0
10.609329477667199 7.906948546738928 0.0
36.76090051017363 2.31962963776429 2.0
36.671875317632605 43.59159794068105 1.0
57.97256408463558 6.268036966174416 2.0
53.12371879943112 9.174225976540031 2.0
37.13952108504821 3.898201771470286 2.0
6.6457803350829705 8.70038716335328 0.0
55.46855458560382 -0.9276456896042742 2.0
51.37471471834825 14.42600975987827 2.0
50.687144050346646 -7.754402981980281 2.0
47.768932846793945 16.761263769474574 2.0
50.00422367085278 14.809653991432919 2.0
6.881482350194597 20.173691339823904 0.0
45.14639764187763 11.690269538235782 2.0
8.476231577409457 17.69143796391033 0.0
51.93057547933425 0.7918873310439434 2.0
3.1688872291586705 17.375492576254878 0.0
37.21198417822289 41.6715241131856 1.0
66.45234851863633 0.9528925173926748 2.0
56.05430943989585 14.899750352108818 2.0
24.851290401871633 48.652652226473066 1.0
22.008176201065464 38.644383785041974 1.0
14.429473062743995 25.894850004630772 0.0
26.57805404749608 32.16267796697692 1.0
56.32297516841369 12.720410356551124 2.0
43.04269534980244 19.003478275318155 2.0
16.106244457044745 11.283394040168462 0.0
51.159102664775126 10.191224346279643 2.0
9.866886544681178 2.982294447535338 0.0
45.713588295581616 -3.658863660743574 2.0
11.592219542228905 19.149999279976996 0.0
28.435738123397034 37.55478242717262 1.0
37.2278234303916 47.886935957793085 1.0
39.02826927857922 44.71226945888971 1.0
30.41741258944122 35.471442556060985 1.0
37.39239766346236 41.56267239890412 1.0
17.146562388276926 43.555939288387805 1.0
28.198364238036586 28.319911482856874 1.0
49.79540550246404 -4.152607239112946 2.0
40.79476966797513 54.04265021711386 1.0
42.09280219070498 43.05426568771823 1.0
36.64687894808927 29.605714220850675 1.0
44.43767443470202 32.52726960022009 1.0
29.86903870487872 37.2803708283778 1.0
45.53358596843176 1.1987661362264408 2.0
54.5168474071488 1.8426852904630753 2.0
56.953236739975175 6.355683791809034 2.0
11.243907006532776 0.6525894890292907 0.0
42.837229421095806 6.735193286718236 2.0
31.87174619850332 42.251884643372094 1.0
11.386593325374985 8.989477116532402 0.0
4.221519622452419 7.750299108429045 0.0
31.26715091092595 30.922176364309074 1.0
47.36441770922327 15.854965634306364 2.0
50.26237596329269 3.9320373223994443 2.0
21.419640358983614 29.749375838531257 1.0
45.21991844246687 21.378958893588063 2.0
16.873792712479787 40.80518255403192 1.0
9.460288034101271 12.388063823716507 0.0
0.9702737018126228 0.934448595554688 0.0
2.1409458490639093 12.676868223288354 0.0
39.22175845944028 41.3831972328468 1.0
5.473989810302314 2.429163974699235 0.0
9.944191510783678 20.35960897223018 0.0
23.06025355380585 24.926269204773995 1.0
13.635425599688206 20.729172391018043 0.0
54.2760451878444 17.10124340699069 2.0
44.52682610837686 35.17568527337303 1.0
54.85378447308946 8.534427050236896 2.0
9.736557083026062 17.72311317411565 0.0
8.114152158888096 15.022795790571736 0.0
44.86810472764552 13.902978278968591 2.0
23.060421578013298 13.316830446382513 0.0
50.00165651934557 9.925597430891084 2.0
8.435760502719043 14.998003458644643 0.0
6.001747071520422 14.00807946949311 0.0
21.057005020114985 6.339979809927122 0.0
37.168437680680235 44.147688644408284 1.0
44.51857868824982 33.564307858895035 1.0
-7.301511500891024 4.421733211706663 0.0
65.94012282534494 3.866747297733217 2.0
64.04380558652392 22.584157801718852 2.0
35.093406805458855 40.363621200651096 1.0
8.215159478054012 20.527950920078823 0.0
13.03031817808941 46.18831777452735 1.0
39.19140507033583 -0.5796636539485611 2.0
29.501330729637516 8.471777899198647 2.0
-0.1360973029137078 -5.391641696340574 0.0
27.559435059144985 37.555196069771 1.0
38.449161470931664 -8.369447625097905 2.0
36.97386773612998 36.543703917870815 1.0
21.15230638647578 6.4214902649817045 0.0
12.857769290001302 -1.9180852296648823 0.0
26.05026680939828 41.29185912237926 1.0
40.50531853444018 45.95155219479445 1.0
2.988659930735592 8.032297949798316 0.0
31.4039843806166 48.040461446001004 1.0
49.74848663700179 3.212570926473483 2.0
17.408971407947114 -2.3111764049618007 0.0
9.76811118988342 22.561905044624513 0.0
14.151708805778686 7.8331749248020675 0.0
33.88923126202414 40.62706476878674 1.0
29.221417570559097 33.67264650974647 1.0
44.24934089913016 15.960042503018249 2.0
11.693735900962238 -3.392961712604585 0.0
-2.4510417423299504 20.47231018042428 0.0
53.985773987974284 19.12119230817013 2.0
13.653590959318283 12.078892712632303 0.0
10.695326138004582 15.259709863602524 0.0
50.20310736433928 -5.357385249581251 2.0
56.787447057642275 -7.975114671876842 2.0
45.59570520406733 0.23430059268673098 2.0
25.00760862527728 14.437433156226078 0.0
62.50311014806558 7.808055345365567 2.0
30.87657151853535 36.99416121212323 1.0
44.15234979427621 16.063374799388956 2.0
25.717616363663 39.740742420661114 1.0
39.947944845765946 16.505641493983816 2.0
31.56739893845263 49.54898300981691 1.0
30.169536196709306 49.88554388790801 1.0
10.679542845436282 16.780514933730224 0.0
39.980852444695046 12.909055060999743 2.0
41.70800670786392 42.933133065562316 1.0
41.434020726107676 31.975582248869184 1.0
26.064823813951886 38.5354468837883 1.0
28.77528170313214 34.70978388355009 1.0
33.57841819667487 49.615609816140704 1.0
36.65215314381503 51.97429360807348 1.0
45.79001714786063 21.106702225667583 2.0
56.7115240037569 5.0619745076246145 2.0
29.100237419927485 26.827056681516524 1.0
-8.878206500591002 9.619935934375315 0.0
48.21438196292156 21.91890750881666 2.0
10.799593540634277 11.052112330233143 0.0
9.537441409468784 1.5228866016628029 0.0
4.657185904202382 -2.634174704651633 0.0
47.34953293453342 5.102106123937998 2.0
29.81515970128751 41.961128111737246 1.0
30.305217124607175 51.86535728301527 1.0
37.857010026553525 7.143766393547125 2.0
14.77324042738418 22.926951280152235 0.0
28.01351862274902 10.414529038101417 0.0
5.101921444051901 11.497859375139555 0.0
29.86406275878587 37.87774152016007 1.0
25.527267766173484 30.73837144614751 1.0
-1.9236770754860828 9.611166107723669 0.0
39.17216122283726 49.769786675529694 1.0
11.792208140197129 16.878836887618597 0.0
42.088746958633834 37.20254670069778 1.0
61.226959761001524 15.58322618031222 2.0
21.359557896840546 35.85275018592974 1.0
25.04115263162676 29.40399925171021 1.0
19.67511293726269 14.540969213127498 0.0
12.598021113599161 5.772103692989256 0.0
5.538290108854376 18.323115717752863 0.0
50.814850362095896 22.3921612119615 2.0
27.957321117591192 29.0576643391234 1.0
28.791608900414264 46.18561956240671 1.0
6.378980849297395 19.86543208129906 0.0
20.345258313190612 6.372108472084468 0.0
40.71525582640588 48.53133296188122 1.0
54.77782574602708 2.413215966206394 2.0
32.639702757315305 39.795160304205154 1.0
6.3767209067468 11.56651566147229 0.0
-0.7387991951493564 18.94373775328956 0.0
40.44881998271665 38.10213479270202 1.0
14.609809908709813 24.07143177136445 0.0
36.986070769017566 19.726212352644175 1.0
35.23049710209525 2.56391311846072 2.0
55.083344241673814 0.08593284117221955 2.0
66.18884975383712 10.054398756479982 2.0
0.7026976577109867 11.378028651083865 0.0
18.14214626508472 10.07163142713711 0.0
53.658243236921926 21.646578577174132 2.0
5.239826948950564 11.625775880127025 0.0
8.110875452946402 3.148653989523848 0.0
57.45753251408308 8.107557702248432 2.0
51.1300571206997 -7.044531838457605 2.0
16.043850501999813 42.618395988933 1.0
24.272607816043852 39.976378798123335 1.0
46.69601742285253 2.586413529221514 2.0
50.30590395968023 -1.588731317068353 2.0
9.198221083231674 18.664714183814233 0.0
48.51040342911924 29.47920770123393 1.0
24.42523547417391 22.287385897102432 0.0
69.30092337290333 16.27683430318419 2.0
34.70801590841912 53.29917354426651 1.0
25.421470218108034 27.1855697220048 1.0
28.188427561330283 51.19053019353302 1.0
34.701960196641785 9.450927631316251 2.0
7.600998384312613 4.384059115448668 0.0
55.92659476336101 5.894291468227318 2.0
3.7733989926213365 4.2893280052419325 0.0
35.79011813681344 13.269222491845367 2.0
57.611594216464695 7.067943837055585 2.0
14.937292190694865 34.96592676530306 1.0
58.378541652971585 19.356719939422188 2.0
65.89648889359553 5.752232817504284 2.0
58.77175387048707 4.9945817000303006 2.0
34.59130543570833 41.36315336303142 1.0
4.705544783009876 0.04422403281628107 0.0
10.606128512310299 8.910259352255444 0.0
8.257250960646486 16.80099665668049 0.0
30.39909187427959 41.880145952042795 1.0
25.072277202580892 4.628567059783654 0.0
3.5114866989534192 9.583322507567399 0.0
26.945298766314018 39.23273137251918 1.0
4.12547733744153 7.835513369041498 0.0
52.59245622577249 0.8184688814746615 2.0
34.44305027993239 47.76789889369356 1.0
39.2973589929434 43.89361006580462 1.0
64.66045634783362 16.513214096946133 2.0
8.653473246532142 12.110831396335287 0.0
4.6860713691241145 11.052756505333454 0.0
48.50483073470412 -3.043785949721121 2.0
26.14786392308206 35.29863642443364 1.0
42.033476841678166 15.209089934589256 2.0
32.24950050815191 42.95344527964699 1.0
47.18868611429014 22.507306870656866 2.0
18.215932654453347 34.35890953452668 1.0
30.934786333475977 38.93271114533619 1.0
50.784540316311556 20.366974254904115 2.0
29.030808112113583 31.42991234597444 1.0
42.15174662215674 41.38537548423854 1.0
27.257692956693248 33.54312870851048 1.0
22.942692664617418 17.885955206834304 0.0
12.369474852460899 7.092984602694392 0.0
41.2829357012609 3.7219047349783727 2.0
22.260067320598452 38.49555278797885 1.0
53.150378385730015 -5.42138063476488 2.0
25.328620532523708 4.34191200251394 0.0
16.743632904710253 12.889466488555488 0.0
8.31134759500569 12.464387775600077 0.0
33.303783851183454 5.323058154742403 2.0
32.57101119380938 52.86728573756586 1.0
4.340544779747686 6.487700694908244 0.0
36.09908108220071 30.57814223827276 1.0
52.37260436112609 13.705478362140678 2.0
26.737744486922303 28.837078529132434 1.0
26.097557504945165 30.411379142946455 1.0
29.071563775321984 33.17829486730551 1.0
5.6262699561302485 10.182637351475837 0.0
4.590223498236997 8.342269752819938 0.0
24.1525706271817 55.01604389441372 1.0
45.750285643139215 13.871013209504317 2.0
55.21217593071604 0.8985146366014671 2.0
29.89283105578903 44.05504049720762 1.0
8.893944709947075 7.01183251036806 0.0
55.27396534745924 17.500561101012465 2.0
28.42600812734345 35.44998193423578 1.0
13.007327533928102 11.453813810141778 0.0
45.1450785771426 13.661492688428417 2.0
30.39654947427975 43.707849280497115 1.0
54.418399501436184 15.005047469168007 2.0
20.570115973292125 33.19870173042544 1.0
1.5979251506095657 7.658491349113362 0.0
13.988370961625428 13.133959920121205 0.0
59.84699610523788 23.480114229668075 2.0
63.91119731038063 17.830864406254364 2.0
6.784473703218291 4.051089413746458 0.0
46.90295480168388 9.636710256542095 2.0
18.106776114500477 15.541638857740551 0.0
36.7539614316822 51.30907976483762 1.0
35.27339134773173 42.668108694179445 1.0
9.885039727490735 18.31875291413659 0.0
30.88465705682488 53.572502993407994 1.0
59.600631651414886 6.064780419950359 2.0
14.981304146622229 2.1275053571349156 0.0
52.61395811681856 12.403794876886627 2.0
12.529769238558897 20.766255965261784 0.0
9.77072710848801 6.196026602063645 0.0
3.072766258189934 9.119491559302464 0.0
49.018328531234204 10.74697899421321 2.0
34.10685661032692 36.67567440364233 1.0
25.928233602359494 32.896702885149935 1.0
36.671956437392716 42.00986915641277 1.0
12.761164996648077 7.053108634258159 0.0
29.2688554702377 38.81824793766992 1.0
63.59965899661104 18.572345217879086 2.0
28.702986387856043 39.09125510186602 1.0
34.56626014889394 28.965254901110256 1.0
33.45821130397917 41.82471636076735 1.0
55.75806353718546 -0.3461836629693096 2.0
38.32629342247248 31.406745294041052 1.0
31.1189947439818 32.80627401351829 1.0
47.43465899554246 24.361690847298576 2.0
41.494106120954584 47.06871962539844 1.0
17.999759701605143 15.26353122880742 0.0
50.17972714249637 14.37695292140168 2.0
33.265009877034686 39.750509623917615 1.0
37.34686900723535 36.25335351907602 1.0
37.55076583401907 39.73044071349505 1.0
48.353124552957276 4.027373227678089 2.0
24.722247877933267 38.03527446193258 1.0
66.19447698629482 -0.9053920367424837 2.0
50.68254514052019 3.533874226872589 2.0
4.2724552173656924 24.64671092979822 0.0
18.722596347483403 -4.513731626857046 0.0
59.975133724277754 9.503967925071747 2.0
52.33754182661099 8.501367852749002 2.0
13.080101150373327 6.485620429531722 0.0
10.683732689841822 4.588931513011735 0.0
9.65375403243297 14.723736445166226 0.0
12.894044322565906 23.13757068790646 0.0
34.28941733543799 32.62609105778441 1.0
46.67044476091797 0.9594452876771378 2.0
31.983015100822996 38.187665184071456 1.0
52.79840019654326 1.967563225263918 2.0
40.034260988428926 10.43947288799879 2.0
14.087497297281747 7.484955364490583 0.0
28.414647756689313 42.571558547713245 1.0
53.75414071846821 -2.2845769856568463 2.0
50.67061302343489 21.28367316162803 2.0
45.768178335487875 1.5475388579179779 2.0
64.96772140297426 13.116913418967231 2.0
45.86856284889943 8.428267332575222 2.0
9.238678960801996 12.81198205469259 0.0
41.47975170559975 45.19489243750324 1.0
24.206868455458963 40.60300718132462 1.0
41.06780448041073 19.88649296005551 2.0
55.466631942488554 8.325489443365107 2.0
48.996365919976796 12.62303619327486 2.0
9.97478222636602 1.8914471756521998 0.0
27.656572675254214 37.17446075730602 1.0
10.575987924927968 17.458362625457458 0.0
35.40189097453841 20.060201655589474 1.0
59.88625753457723 1.4315705628076092 2.0
33.76807255334743 47.507551361168616 1.0
47.12185083368731 -0.6083814886563061 2.0
46.823909096667926 39.5966684207649 1.0
7.649507104969103 21.68315067702575 0.0
25.612979427870243 46.03675430667931 1.0
24.97114914101562 46.26447063861109 1.0
28.120285464659172 33.76165442209299 1.0
14.580559594478405 9.610907303626815 0.0
21.054489708551742 15.372043104070361 0.0
15.051704448302646 2.0966376014793955 0.0
59.43780166688568 11.552861047626863 2.0
41.28554439778797 46.27787521105872 1.0
18.86837804430636 5.046313740668535 0.0
55.9535357719995 8.550206614255176 2.0
53.49390841386808 13.234358039693582 2.0
21.64454217770464 46.43407921527001 1.0
21.809991445507954 16.171478298646154 0.0
62.4332833657182 16.83180781241779 2.0
5.788053714394222 22.965947291562564 0.0
8.937504334750917 14.118220445392035 0.0
-1.847252408003735 20.706852236224297 0.0
12.392291830440115 23.133195874511202 0.0
13.106735997023598 15.422438374005358 0.0
53.662182929215085 23.3959394667803 2.0
43.05365814498907 14.277032688979482 2.0
53.99891298992297 -1.1944493984155322 2.0
45.71731930387021 12.867628945676962 2.0
51.65813863519155 10.554754696290004 2.0
52.67341133795918 8.75792760940201 2.0
41.18166280130861 15.450876083543584 2.0
44.96589285045769 22.269821679331994 2.0
9.424941751252017 17.821070821116894 0.0
-1.087319764400064 15.322902593010081 0.0
55.59062736162028 13.367783555115118 2.0
36.87235840894116 37.72618031543964 1.0
6.919688593121114 10.91518404100264 0.0
50.681675597071205 -13.929087767205786 2.0
36.43353538091438 37.96807819067944 1.0
18.1493023006323 39.31162261243675 1.0
37.8687890399021 46.632685234860006 1.0
57.29090177739777 10.846030330171843 2.0
38.49168389985428 40.992018395479334 1.0
34.9575009627959 41.63251291884451 1.0
49.58076439538024 23.632844130043928 2.0
14.352669735520376 -0.9915730392331952 0.0
52.12289879519703 5.337930739107343 2.0
12.499108401755331 5.149632833175421 0.0
27.688526981115352 6.283918589557755 0.0
54.76023572668452 5.5406155751334305 2.0
55.3305000072737 13.700730342831609 2.0
20.272992732654828 28.482208771301757 1.0
50.47946104213062 12.219015503665533 2.0
64.47445079786488 8.25563283686101 2.0
35.55442104386549 27.760276187332735 1.0
45.101157492858526 35.75999553897663 1.0
20.93722966995366 48.125787511649634 1.0
12.68845814257515 9.771136763341348 0.0
22.954202043042514 47.97914992790332 1.0
33.75556890499283 33.71072412746274 1.0
9.495929148937662 17.024730285244168 0.0
1.0378692093037394 16.107201297961012 0.0
6.291678573630728 13.592872031793492 0.0
42.79503412281705 15.107135404867064 2.0
33.92643613558867 37.93163777379588 1.0
37.70671744499 53.70843217954416 1.0
43.45257067246399 22.258941797424928 2.0
42.5966029915233 12.043070045394536 2.0
12.566187722677938 3.4208414957085136 0.0
25.712938377516934 42.53052467644271 1.0
53.85653381868309 12.949865178540158 2.0
39.21980547137906 39.17352031106245 1.0
41.30762982628609 37.74375671552062 1.0
46.10237663044058 7.184629457467928 2.0
-3.09554344718099 7.539405611710839 0.0
60.88526876670921 -0.4705631929528966 2.0
5.261545997858289 14.281734021886075 0.0
14.368838719365087 14.398418564849958 0.0
3.0662457240851815 6.035915892780597 0.0
46.374012727815895 21.619740275765963 2.0
24.374278024211883 51.47381763810847 1.0
17.515422249018403 2.8143929041225784 0.0
6.288196671392915 4.449890174163591 0.0
16.652966867302354 5.9616744103631785 0.0
33.05591862910367 46.32754388760337 1.0
43.35644474754748 14.18011284212606 2.0
39.60335010457922 16.637859343033398 2.0
46.5660446376107 14.708426158165757 2.0
37.60050427457543 40.685882074296266 1.0
10.198228632913228 10.208292976470217 0.0
25.47640883109338 52.42717624826658 1.0
46.39989713603349 20.057193734900583 2.0
51.578338125049655 12.49046938754308 2.0
25.064917009691136 39.60961645639606 1.0
22.495026916100752 19.550546615537748 1.0
30.858692211963568 51.37274920928692 1.0
33.43682466146776 45.14414450234872 1.0
8.147402167334308 29.04118416612733 0.0
31.571162729919806 47.329688118285084 1.0
29.615741995685994 41.9988785240036 1.0
58.65413382138263 -0.49775354745125 2.0
20.958668204640382 9.539748172489086 0.0
5.445502016147211 6.590122313647128 0.0
47.44121981396125 11.214063937989923 2.0
9.905519426834463 2.596023497308698 0.0
10.794621416758737 14.634914721647327 0.0
10.472697432815467 0.026762696505802097 0.0
19.466957381782983 45.320391745827216 1.0
28.858531252393654 34.785681486354854 1.0
41.16109765549984 11.764331416110934 2.0
36.97233380064071 34.70243438001378 1.0
48.59548843600628 15.349238438063253 2.0
31.25925905807435 49.744016004412195 1.0
18.408497455147614 7.1434723888491405 0.0
31.36069011104135 37.52783595032518 1.0
34.95676073682013 46.69691621756209 1.0
29.81435118525658 33.826877441405976 1.0
44.737323569182905 16.836201816532927 2.0
17.262779609805293 6.4298852080167705 0.0
4.583475606274989 1.2874170768200806 0.0
14.035898741390366 12.178751081804753 0.0
11.420461145959099 -0.6102088049806227 0.0
15.500601110555825 12.978202932494753 0.0
29.2488849919704 43.13401848067194 1.0
5.361633687379073 13.994190680152116 0.0
29.82481128878399 45.724364094402006 1.0
51.47067613058003 31.544269311843973 2.0
25.843902753433397 11.47079635802956 2.0
9.371850139989412 20.08082050814631 0.0
9.104576859634633 3.3112169157970195 0.0
30.468935020574104 43.611574523928695 1.0
53.139327737430136 5.92829099434001 2.0
23.203301308473712 11.222044689822873 0.0
25.830370941695556 49.62106665219572 1.0
27.015496826561197 48.039119964377285 1.0
4.452354830971095 9.196844909731707 0.0
26.747678918911248 41.40811759110988 1.0
5.962600686021671 15.287738580780292 0.0
27.835536460650957 34.73490516086592 1.0
34.88756319529513 42.75439769795225 1.0
53.268858461614144 7.537532230888927 2.0
26.897024241659427 33.806381001811694 1.0
52.430548764839 15.772500041009149 2.0
59.084961177463555 1.1496519007069264 2.0
3.812997946592069 11.076075741618695 0.0
7.255242928074896 -0.24460463692483003 0.0
4.887433577980043 11.515210127073825 0.0
57.17652957509706 20.19900033022978 2.0
46.23530677987186 42.7532248757606 1.0
5.719375379056363 0.15337232206244344 0.0
42.384652319822116 10.6198441481509 2.0
53.81086215484975 14.043761273333015 2.0
28.83014800349512 41.9780596534181 1.0
55.3638449379297 1.4251421356787564 2.0
8.453250783192352 10.188200872961716 0.0
17.204089461279505 13.3081823768913 0.0
48.263863596605034 7.532137692353443 2.0
51.4016913512681 33.88207202082728 2.0
38.859954886052904 33.936776062498495 1.0
12.02842399827489 24.52780559051807 0.0
12.318844019824947 16.828815889856514 0.0
52.62256938274468 17.394161116302637 2.0
45.1965990224847 38.76879931297364 1.0
51.31808672989214 10.407101614848145 2.0
32.305104709363945 22.267469610370604 2.0
42.625121494997494 1.968341023348012 2.0
22.358179681967677 12.834871976726689 0.0
57.05866449858728 6.3832773373353575 2.0
44.39344990958226 32.277541439948216 1.0
32.82611063235627 39.830630755263584 1.0
54.39107068253892 7.960353651570417 2.0
16.48324283272149 23.365916483290913 0.0
6.696476939473966 17.622654178771562 0.0
6.402931578643145 2.585505346777339 0.0
39.44602244320986 8.376154900834743 2.0
29.86253540751323 43.86742968092003 1.0
11.753449952421136 12.42513746647883 0.0
40.95507732049979 14.981689791202148 2.0
27.39455256750263 47.6212403379293 1.0
34.351003228992354 37.41272764769456 1.0
36.39509238363274 34.37774734523759 1.0
40.59414820269492 44.41568179188344 1.0
15.69003483187272 14.407401893465286 0.0
49.811582793006096 8.605165936777313 2.0
46.45564783097214 6.164056260806053 2.0
0.48100701314056593 15.223774962190545 0.0
32.16183108819275 51.91550461244667 1.0
0.58884642276006 3.5694363746106124 0.0
15.050280502149132 61.964239735619955 1.0
32.091270358559804 34.73746264933371 1.0
42.88607337417341 17.642404465902022 2.0
24.48551373664233 35.654066812242185 1.0
46.74370949658576 15.490547655653607 2.0
30.79289287376435 29.93205415177843 1.0
29.166289146982926 11.591585174371957 2.0
35.88434018553187 43.827134977409656 1.0
17.466722827124077 18.18506913311971 0.0
3.5373672772236695 0.5382077606856654 0.0
30.23858427781458 34.61018738258951 1.0
52.1004906320154 11.548719290940355 2.0
58.58382438212809 28.910979956954886 2.0
42.67046467615006 3.345422334156442 2.0
50.576294890269956 8.302328240790786 2.0
27.935352251955806 48.734194508716136 1.0
50.056505269025415 4.7174308842124235 2.0
15.805839068284424 -5.477947163055196 0.0
49.635902037590064 6.606109332815652 2.0
21.993916548755365 40.75991794043566 1.0
34.23916945830531 17.140778706394475 2.0
39.23303261221428 3.4459371222280177 2.0
33.982881554296924 51.39877636189976 1.0
20.523788112370056 16.1415360340297 0.0
16.46818913444831 8.705685044899077 0.0
11.337693476139323 10.325055837093041 0.0
30.45132090367084 26.171734035522903 1.0
6.70273186067174 11.624349561503454 0.0
46.070770022863165 7.720996053042633 2.0
28.949610890772313 40.879035174300796 1.0
11.165165457491392 13.447158848057043 0.0
25.93633585136694 44.12004883094427 1.0
63.99667123364337 21.051632629523894 2.0
30.52803547231115 28.786239316719822 1.0
30.072468338903665 30.817146373548884 1.0
73.5927554024698 19.957436645894294 2.0
13.459472951207132 32.931885067030436 1.0
17.58877272255183 48.83345050499794 1.0
52.08353810666845 5.689265150458094 2.0
53.34718576710947 21.212788743571437 2.0
43.66064063200031 7.536307762887677 2.0
0.3563144243003631 3.4352247205941406 0.0
-2.8861196193215175 1.0429612328500895 0.0
11.077373949005342 44.74512723671636 1.0
37.15799302406748 57.07826684437491 1.0
22.490798819821354 41.67472804877805 1.0
-1.1609936115605706 5.804374839323589 0.0
14.773670799064748 7.8281327038458075 0.0
4.24445723103498 11.705810480443386 0.0
22.88924726715122 40.4317589489358 1.0
20.08891302346281 -0.05103505825607613 0.0
29.421235199101105 39.147767441317015 1.0
29.807395664645547 52.40576117668821 1.0
55.636052318597784 16.31245349900415 2.0
51.80246337632753 7.043784569333131 2.0
-0.6063374353898663 19.568119872111673 0.0
54.790355116495284 15.346723909744647 2.0
26.25270269832254 39.366267023870876 1.0
49.070167655024335 11.717705465364212 2.0
54.576459533713155 9.502471864005512 2.0
52.06202032114201 0.06591539614700537 2.0
20.158005254565293 16.71489578259645 0.0
28.73664060486562 62.35175297491402 1.0
18.365326402473897 -0.6623083334864237 0.0
41.285947805920514 49.204401175088336 1.0
2.4326042171421633 17.372069973330326 0.0
46.92822982438119 12.001601650013555 2.0
34.05743221249503 42.280574216075166 1.0
55.56430206052622 16.79281688594515 2.0
58.93919052721969 21.587993839143408 2.0
30.145555953727854 34.90397941139606 1.0
-4.573505855186054 21.875194578030268 0.0
37.13871178305553 11.477924631165795 2.0
37.192768172187876 3.372023801758032 2.0
11.196058066895592 8.712116645531246 0.0
53.09446816551362 18.727843401487736 2.0
11.96694307414523 5.641103361255843 0.0
5.970535216335582 10.85406870251753 0.0
55.43314220350556 7.583636004081086 2.0
16.40781482391452 12.301257767617791 0.0
20.832536409310432 22.571143711668654 0.0
13.5349109528632 16.06028635919085 0.0
45.28906538609043 3.3019005516023974 2.0
65.63325947000229 5.9540263659045065 2.0
20.853503449698536 3.011521714828463 0.0
50.00964380289779 3.463290951454475 2.0
35.44852753316646 36.141699985700264 1.0
41.1615354425748 34.071270561771705 1.0
11.462045165033288 -3.7176908671584297 0.0
51.73420451010103 1.2215797789372473 2.0
25.641454467858836 41.3622521866607 1.0
28.665223194656573 41.52203011225806 1.0
9.755080566521269 22.39560444944857 0.0
17.378022266208383 28.911048398961572 1.0
6.189320928323721 10.776458127969063 0.0
25.621061089433294 42.77062473406186 1.0
69.41373189076418 13.463678602885569 2.0
19.0621790017942 36.296631258575935 1.0
49.60882253220716 -1.2415187744286005 2.0
8.543144247499074 6.54899345738817 0.0
34.874712132197004 46.687136459993575 1.0
27.91705547648006 49.629947693181336 1.0
40.69927898488772 43.55485029402737 1.0
9.478965996299676 14.344704682854747 0.0
34.15489705596603 19.41727955735004 1.0
46.190233011642725 16.99511344570182 2.0
12.268587785763565 7.304424037085784 0.0
45.15311343392885 23.75502324965837 2.0
20.12884519047613 11.375883435581022 0.0
34.18180048894901 44.90820919617629 1.0
33.64785699865537 44.5165091016504 1.0
6.756076150312764 6.739891725008202 0.0
43.51313991031729 -0.060622871316930116 2.0
20.431849111092053 38.42664218675122 1.0
56.45698077309848 2.211630402364251 2.0
57.80653375475767 17.347635551539312 2.0
7.058692280329 8.02750773797645 0.0
3.9771064430123335 7.308111190391223 0.0
37.601268960821045 43.32288763015967 1.0
-1.2523826419285928 11.292437009726129 0.0
57.37441201581802 13.861503097673701 2.0
11.370916785683772 3.1513905566947757 0.0
2.957878329502086 1.5006797104858745 0.0
23.01130192568196 42.11254329873626 1.0
4.173510988270399 13.299908894704828 0.0
23.079862249943577 32.27487477948961 1.0
11.458679655632867 -4.2921440789700345 0.0
22.997680727760976 35.25578520632604 1.0
9.914272590071597 3.7192193995991794 0.0
39.73145284312119 43.904672144463035 1.0
30.856082521225986 43.803086203254715 1.0
29.82112150305988 48.20910313481555 1.0
38.29992908264098 45.032673174655464 1.0
-2.07442482759123 6.063987295313192 0.0
53.85799162144526 0.09870062138161728 2.0
21.68681106679341 42.16874497158919 1.0
25.964427194912965 21.86270395498563 1.0
9.190462023282317 7.892274130874979 0.0
56.95324851511418 17.09832669813394 2.0
55.00406413464829 17.08185186391193 2.0
18.790292879014643 3.737748884463473 0.0
47.70041984479715 12.298631235224075 2.0
39.11218902579159 50.93057837708797 1.0
58.99482687896402 7.327382152160476 2.0
38.54723586867747 44.07468392428031 1.0
5.611230595485628 22.6871399059785 0.0
26.20260996671456 -3.070856348142236 0.0
44.61862293346509 39.022872602913786 1.0
12.363218634526415 7.116861237142729 0.0
50.73401987558698 12.017923171413418 2.0
28.87907043103352 44.69938053515326 1.0
14.791313177901747 45.93195174005295 1.0
32.67354816562087 43.01029153033749 1.0
44.32336116200662 -0.06803928540267634 2.0
12.122552055686317 46.54023937867492 1.0
27.442749140815238 41.29276214105436 1.0
36.74715381756437 55.473661011139455 1.0
11.745685785975287 21.04217295834432 0.0
21.292957352261006 35.14966361542865 1.0
28.536837198997823 34.046356820534896 1.0
48.442421631066544 9.486494583132018 2.0
