342.0 163.0 1.0
302.0 129.0 5.0
292.0 173.0 2.0
188.0 179.0 0.0
224.0 130.0 3.0
288.0 64.0 0.0
268.0 137.0 5.0
275.0 52.0 0.0
185.0 167.0 0.0
216.0 59.0 0.0
187.0 73.0 0.0
268.0 63.0 0.0
192.0 127.0 0.0
347.0 185.0 1.0
226.0 123.0 3.0
285.0 169.0 2.0
226.0 208.0 1.0
191.0 57.0 0.0
305.0 60.0 0.0
164.0 205.0 1.0
244.0 67.0 0.0
345.0 150.0 1.0
220.0 57.0 0.0
286.0 162.0 2.0
279.0 209.0 1.0
254.0 62.0 0.0
221.0 122.0 3.0
217.0 218.0 1.0
219.0 183.0 4.0
188.0 150.0 0.0
186.0 114.0 0.0
348.0 191.0 1.0
337.0 213.0 1.0
339.0 172.0 1.0
271.0 206.0 1.0
237.0 57.0 0.0
336.0 86.0 1.0
329.0 53.0 0.0
332.0 156.0 1.0
326.0 134.0 1.0
337.0 54.0 0.0
207.0 58.0 0.0
363.0 69.0 0.0
275.0 197.0 1.0
298.0 206.0 1.0
211.0 204.0 1.0
237.0 56.0 0.0
293.0 120.0 5.0
257.0 57.0 0.0
179.0 47.0 0.0
212.0 207.0 1.0
269.0 68.0 0.0
189.0 67.0 0.0
236.0 157.0 4.0
216.0 130.0 3.0
282.0 135.0 5.0
279.0 211.0 1.0
247.0 66.0 0.0
193.0 89.0 0.0
240.0 168.0 4.0
197.0 70.0 0.0
297.0 213.0 1.0
187.0 120.0 0.0
188.0 91.0 0.0
181.0 200.0 1.0
345.0 212.0 1.0
192.0 164.0 0.0
333.0 60.0 0.0
182.0 120.0 0.0
378.0 57.0 0.0
276.0 209.0 1.0
224.0 127.0 3.0
311.0 54.0 0.0
276.0 177.0 2.0
275.0 62.0 0.0
283.0 117.0 5.0
260.0 213.0 1.0
269.0 120.0 5.0
246.0 175.0 4.0
281.0 64.0 0.0
276.0 173.0 2.0
286.0 59.0 0.0
236.0 208.0 1.0
255.0 203.0 1.0
184.0 129.0 0.0
339.0 168.0 1.0
335.0 86.0 1.0
195.0 84.0 0.0
300.0 204.0 1.0
295.0 205.0 1.0
170.0 208.0 1.0
251.0 213.0 1.0
273.0 182.0 2.0
249.0 209.0 1.0
316.0 64.0 0.0
192.0 96.0 0.0
315.0 212.0 1.0
335.0 112.0 1.0
189.0 60.0 0.0
307.0 209.0 1.0
173.0 198.0 1.0
226.0 176.0 4.0
345.0 185.0 1.0
191.0 73.0 0.0
282.0 63.0 0.0
348.0 197.0 1.0
349.0 201.0 1.0
231.0 213.0 1.0
359.0 60.0 0.0
260.0 212.0 1.0
342.0 193.0 1.0
256.0 56.0 0.0
190.0 137.0 0.0
343.0 169.0 1.0
219.0 137.0 3.0
187.0 173.0 0.0
281.0 122.0 5.0
289.0 168.0 2.0
191.0 68.0 0.0
191.0 155.0 0.0
309.0 60.0 0.0
221.0 129.0 3.0
240.0 109.0 3.0
340.0 118.0 1.0
225.0 181.0 4.0
325.0 61.0 0.0
335.0 57.0 0.0
348.0 61.0 0.0
339.0 130.0 1.0
247.0 159.0 4.0
206.0 203.0 1.0
331.0 177.0 1.0
331.0 143.0 1.0
336.0 110.0 1.0
189.0 96.0 0.0
231.0 131.0 3.0
190.0 167.0 0.0
252.0 59.0 0.0
344.0 46.0 0.0
194.0 49.0 0.0
292.0 157.0 2.0
180.0 208.0 1.0
272.0 133.0 5.0
235.0 129.0 3.0
304.0 163.0 2.0
224.0 136.0 3.0
318.0 199.0 1.0
248.0 162.0 4.0
241.0 129.0 3.0
233.0 177.0 4.0
191.0 143.0 0.0
238.0 62.0 0.0
235.0 209.0 1.0
164.0 212.0 1.0
183.0 106.0 0.0
276.0 131.0 5.0
290.0 60.0 0.0
218.0 60.0 0.0
193.0 161.0 0.0
289.0 160.0 2.0
189.0 129.0 0.0
223.0 57.0 0.0
283.0 119.0 5.0
296.0 180.0 2.0
197.0 60.0 0.0
235.0 62.0 0.0
285.0 208.0 1.0
273.0 212.0 1.0
335.0 115.0 1.0
224.0 169.0 4.0
212.0 126.0 3.0
317.0 56.0 0.0
345.0 200.0 1.0
278.0 179.0 2.0
296.0 62.0 0.0
301.0 176.0 2.0
173.0 205.0 1.0
310.0 68.0 0.0
228.0 176.0 4.0
182.0 200.0 1.0
338.0 152.0 1.0
284.0 106.0 5.0
340.0 56.0 0.0
277.0 112.0 5.0
288.0 126.0 5.0
167.0 206.0 1.0
233.0 62.0 0.0
281.0 131.0 5.0
227.0 110.0 3.0
186.0 146.0 0.0
235.0 119.0 3.0
291.0 186.0 2.0
257.0 60.0 0.0
185.0 208.0 1.0
338.0 129.0 1.0
360.0 54.0 0.0
319.0 65.0 0.0
287.0 57.0 0.0
295.0 167.0 2.0
195.0 158.0 0.0
236.0 207.0 1.0
183.0 158.0 0.0
185.0 152.0 0.0
252.0 64.0 0.0
185.0 46.0 0.0
192.0 60.0 0.0
335.0 123.0 1.0
187.0 131.0 0.0
217.0 63.0 0.0
313.0 211.0 1.0
282.0 121.0 5.0
225.0 62.0 0.0
266.0 58.0 0.0
302.0 63.0 0.0
172.0 207.0 1.0
229.0 105.0 3.0
336.0 199.0 1.0
276.0 62.0 0.0
182.0 178.0 0.0
199.0 103.0 0.0
192.0 130.0 0.0
292.0 133.0 5.0
336.0 182.0 1.0
313.0 60.0 0.0
338.0 155.0 1.0
342.0 48.0 0.0
268.0 205.0 1.0
188.0 69.0 0.0
222.0 114.0 3.0
188.0 180.0 0.0
323.0 56.0 0.0
339.0 57.0 0.0
343.0 140.0 1.0
225.0 53.0 0.0
363.0 57.0 0.0
336.0 153.0 1.0
289.0 215.0 1.0
277.0 60.0 0.0
199.0 58.0 0.0
194.0 105.0 0.0
280.0 113.0 5.0
216.0 112.0 3.0
205.0 62.0 0.0
281.0 180.0 2.0
284.0 122.0 5.0
328.0 208.0 1.0
294.0 216.0 1.0
225.0 205.0 1.0
337.0 146.0 1.0
322.0 59.0 0.0
237.0 184.0 4.0
289.0 170.0 2.0
236.0 181.0 4.0
208.0 62.0 0.0
224.0 183.0 4.0
190.0 58.0 0.0
292.0 176.0 2.0
287.0 202.0 1.0
202.0 87.0 0.0
332.0 211.0 1.0
269.0 203.0 1.0
229.0 117.0 3.0
294.0 134.0 5.0
362.0 54.0 0.0
295.0 160.0 2.0
163.0 206.0 1.0
190.0 71.0 0.0
274.0 203.0 1.0
190.0 153.0 0.0
229.0 55.0 0.0
338.0 124.0 1.0
329.0 146.0 1.0
220.0 211.0 1.0
240.0 61.0 0.0
242.0 109.0 3.0
192.0 55.0 0.0
240.0 124.0 3.0
178.0 212.0 1.0
316.0 209.0 1.0
240.0 60.0 0.0
228.0 122.0 3.0
346.0 54.0 0.0
334.0 152.0 1.0
339.0 167.0 1.0
288.0 59.0 0.0
238.0 63.0 0.0
289.0 200.0 1.0
340.0 187.0 1.0
277.0 109.0 5.0
268.0 55.0 0.0
221.0 62.0 0.0
185.0 159.0 0.0
337.0 149.0 1.0
312.0 49.0 0.0
302.0 159.0 2.0
302.0 172.0 2.0
189.0 89.0 0.0
339.0 64.0 0.0
208.0 210.0 1.0
295.0 169.0 2.0
252.0 60.0 0.0
298.0 208.0 1.0
284.0 118.0 5.0
233.0 216.0 1.0
295.0 157.0 2.0
235.0 163.0 4.0
240.0 167.0 4.0
236.0 201.0 1.0
224.0 167.0 4.0
225.0 55.0 0.0
342.0 103.0 1.0
248.0 210.0 1.0
188.0 106.0 0.0
278.0 118.0 5.0
202.0 54.0 0.0
192.0 176.0 0.0
190.0 179.0 0.0
228.0 124.0 3.0
227.0 122.0 3.0
352.0 55.0 0.0
301.0 57.0 0.0
270.0 217.0 1.0
221.0 127.0 3.0
341.0 92.0 1.0
314.0 203.0 1.0
296.0 163.0 2.0
189.0 115.0 0.0
192.0 148.0 0.0
307.0 60.0 0.0
350.0 56.0 0.0
341.0 188.0 1.0
292.0 209.0 1.0
195.0 157.0 0.0
219.0 115.0 3.0
233.0 128.0 3.0
229.0 212.0 1.0
282.0 180.0 2.0
201.0 211.0 1.0
228.0 130.0 3.0
273.0 57.0 0.0
233.0 60.0 0.0
333.0 56.0 0.0
346.0 214.0 1.0
290.0 62.0 0.0
224.0 177.0 4.0
187.0 169.0 0.0
189.0 172.0 0.0
383.0 64.0 0.0
189.0 103.0 0.0
228.0 127.0 3.0
224.0 206.0 1.0
290.0 182.0 2.0
196.0 120.0 0.0
187.0 184.0 0.0
224.0 110.0 3.0
292.0 127.0 5.0
334.0 87.0 1.0
222.0 128.0 3.0
196.0 62.0 0.0
278.0 115.0 5.0
188.0 125.0 0.0
300.0 60.0 0.0
317.0 214.0 1.0
281.0 166.0 2.0
311.0 49.0 0.0
303.0 175.0 2.0
206.0 56.0 0.0
175.0 208.0 1.0
291.0 165.0 2.0
181.0 175.0 0.0
296.0 181.0 2.0
290.0 161.0 2.0
183.0 159.0 0.0
343.0 199.0 1.0
337.0 127.0 1.0
196.0 210.0 1.0
189.0 205.0 1.0
240.0 59.0 0.0
279.0 207.0 1.0
262.0 204.0 1.0
288.0 61.0 0.0
391.0 66.0 0.0
268.0 60.0 0.0
389.0 66.0 0.0
335.0 99.0 1.0
177.0 208.0 1.0
343.0 146.0 1.0
333.0 65.0 0.0
194.0 161.0 0.0
272.0 127.0 5.0
221.0 207.0 1.0
293.0 123.0 5.0
242.0 158.0 4.0
190.0 210.0 1.0
386.0 53.0 0.0
217.0 106.0 3.0
248.0 206.0 1.0
342.0 194.0 1.0
243.0 204.0 1.0
245.0 56.0 0.0
345.0 187.0 1.0
215.0 181.0 4.0
161.0 203.0 1.0
316.0 203.0 1.0
344.0 58.0 0.0
234.0 206.0 1.0
238.0 162.0 4.0
316.0 213.0 1.0
298.0 201.0 1.0
267.0 213.0 1.0
240.0 207.0 1.0
190.0 126.0 0.0
307.0 207.0 1.0
302.0 60.0 0.0
338.0 114.0 1.0
309.0 58.0 0.0
229.0 203.0 1.0
215.0 219.0 1.0
278.0 112.0 5.0
219.0 208.0 1.0
300.0 161.0 2.0
259.0 62.0 0.0
185.0 92.0 0.0
299.0 199.0 1.0
189.0 59.0 0.0
186.0 46.0 0.0
276.0 122.0 5.0
299.0 164.0 2.0
343.0 153.0 1.0
277.0 212.0 1.0
283.0 209.0 1.0
161.0 208.0 1.0
273.0 128.0 5.0
223.0 119.0 3.0
340.0 143.0 1.0
228.0 116.0 3.0
181.0 211.0 1.0
232.0 116.0 3.0
276.0 65.0 0.0
254.0 212.0 1.0
244.0 213.0 1.0
279.0 63.0 0.0
327.0 129.0 1.0
282.0 207.0 1.0
388.0 62.0 0.0
225.0 125.0 3.0
305.0 206.0 1.0
302.0 206.0 1.0
191.0 67.0 0.0
342.0 190.0 1.0
341.0 164.0 1.0
290.0 211.0 1.0
216.0 199.0 1.0
184.0 74.0 0.0
265.0 61.0 0.0
190.0 202.0 1.0
337.0 207.0 1.0
248.0 59.0 0.0
247.0 171.0 4.0
201.0 200.0 1.0
182.0 81.0 0.0
258.0 68.0 0.0
338.0 209.0 1.0
354.0 57.0 0.0
329.0 110.0 1.0
193.0 78.0 0.0
273.0 210.0 1.0
341.0 173.0 1.0
190.0 108.0 0.0
194.0 208.0 1.0
281.0 124.0 5.0
190.0 198.0 1.0
216.0 56.0 0.0
321.0 205.0 1.0
278.0 197.0 1.0
247.0 64.0 0.0
343.0 152.0 1.0
344.0 170.0 1.0
205.0 58.0 0.0
194.0 165.0 0.0
203.0 212.0 1.0
235.0 208.0 1.0
253.0 211.0 1.0
333.0 119.0 1.0
295.0 114.0 5.0
210.0 56.0 0.0
221.0 210.0 1.0
231.0 162.0 4.0
222.0 211.0 1.0
198.0 70.0 0.0
226.0 129.0 3.0
281.0 209.0 1.0
210.0 125.0 3.0
332.0 52.0 0.0
254.0 63.0 0.0
242.0 178.0 4.0
273.0 202.0 1.0
270.0 57.0 0.0
335.0 89.0 1.0
229.0 174.0 4.0
238.0 177.0 4.0
377.0 60.0 0.0
229.0 163.0 4.0
236.0 118.0 3.0
342.0 192.0 1.0
282.0 159.0 2.0
203.0 60.0 0.0
179.0 208.0 1.0
219.0 211.0 1.0
180.0 219.0 1.0
254.0 205.0 1.0
275.0 163.0 2.0
252.0 167.0 4.0
227.0 179.0 4.0
304.0 169.0 2.0
343.0 204.0 1.0
228.0 213.0 1.0
275.0 158.0 2.0
310.0 211.0 1.0
271.0 61.0 0.0
195.0 206.0 1.0
366.0 58.0 0.0
225.0 54.0 0.0
340.0 159.0 1.0
230.0 55.0 0.0
264.0 206.0 1.0
241.0 173.0 4.0
278.0 108.0 5.0
280.0 124.0 5.0
214.0 57.0 0.0
295.0 53.0 0.0
355.0 57.0 0.0
187.0 209.0 1.0
244.0 215.0 1.0
301.0 164.0 2.0
341.0 192.0 1.0
280.0 111.0 5.0
294.0 110.0 5.0
229.0 110.0 3.0
192.0 95.0 0.0
273.0 115.0 5.0
297.0 128.0 5.0
266.0 217.0 1.0
186.0 67.0 0.0
191.0 105.0 0.0
327.0 60.0 0.0
198.0 59.0 0.0
384.0 64.0 0.0
183.0 155.0 0.0
276.0 54.0 0.0
212.0 210.0 1.0
216.0 119.0 3.0
329.0 213.0 1.0
233.0 132.0 3.0
337.0 109.0 1.0
320.0 62.0 0.0
243.0 63.0 0.0
178.0 53.0 0.0
179.0 209.0 1.0
299.0 173.0 2.0
214.0 124.0 3.0
330.0 64.0 0.0
341.0 168.0 1.0
335.0 96.0 1.0
360.0 58.0 0.0
286.0 176.0 2.0
300.0 210.0 1.0
225.0 160.0 4.0
336.0 53.0 0.0
284.0 59.0 0.0
253.0 67.0 0.0
244.0 200.0 1.0
288.0 206.0 1.0
335.0 64.0 0.0
229.0 171.0 4.0
235.0 211.0 1.0
270.0 59.0 0.0
238.0 52.0 0.0
239.0 211.0 1.0
227.0 55.0 0.0
338.0 128.0 1.0
222.0 118.0 3.0
229.0 162.0 4.0
243.0 212.0 1.0
278.0 117.0 5.0
215.0 199.0 1.0
331.0 52.0 0.0
240.0 171.0 4.0
338.0 90.0 1.0
337.0 136.0 1.0
279.0 171.0 2.0
180.0 128.0 0.0
295.0 119.0 5.0
184.0 168.0 0.0
339.0 190.0 1.0
341.0 57.0 0.0
191.0 93.0 0.0
293.0 213.0 1.0
343.0 46.0 0.0
352.0 47.0 0.0
189.0 202.0 1.0
240.0 219.0 1.0
196.0 133.0 0.0
166.0 207.0 1.0
339.0 189.0 1.0
241.0 161.0 4.0
316.0 59.0 0.0
342.0 197.0 1.0
335.0 145.0 1.0
259.0 201.0 1.0
320.0 56.0 0.0
299.0 61.0 0.0
318.0 58.0 0.0
272.0 69.0 0.0
217.0 58.0 0.0
250.0 65.0 0.0
219.0 164.0 4.0
329.0 58.0 0.0
189.0 64.0 0.0
282.0 178.0 2.0
247.0 161.0 4.0
255.0 67.0 0.0
281.0 163.0 2.0
235.0 157.0 4.0
338.0 126.0 1.0
191.0 120.0 0.0
210.0 77.0 0.0
302.0 208.0 1.0
302.0 211.0 1.0
305.0 59.0 0.0
317.0 215.0 1.0
221.0 169.0 4.0
340.0 94.0 1.0
345.0 209.0 1.0
340.0 58.0 0.0
364.0 64.0 0.0
193.0 100.0 0.0
220.0 112.0 3.0
285.0 58.0 0.0
251.0 62.0 0.0
235.0 105.0 3.0
342.0 145.0 1.0
235.0 206.0 1.0
287.0 59.0 0.0
389.0 59.0 0.0
296.0 167.0 2.0
343.0 135.0 1.0
215.0 130.0 3.0
330.0 115.0 1.0
241.0 63.0 0.0
188.0 58.0 0.0
287.0 56.0 0.0
331.0 205.0 1.0
243.0 183.0 4.0
235.0 54.0 0.0
315.0 62.0 0.0
284.0 160.0 2.0
350.0 168.0 1.0
189.0 158.0 0.0
220.0 67.0 0.0
338.0 60.0 0.0
228.0 59.0 0.0
299.0 115.0 5.0
182.0 199.0 1.0
304.0 111.0 5.0
235.0 174.0 4.0
295.0 113.0 5.0
340.0 92.0 1.0
247.0 212.0 1.0
339.0 113.0 1.0
252.0 57.0 0.0
325.0 206.0 1.0
181.0 39.0 0.0
333.0 140.0 1.0
191.0 92.0 0.0
332.0 64.0 0.0
194.0 54.0 0.0
229.0 56.0 0.0
243.0 180.0 4.0
192.0 100.0 0.0
252.0 211.0 1.0
196.0 60.0 0.0
348.0 43.0 0.0
193.0 62.0 0.0
296.0 211.0 1.0
226.0 57.0 0.0
211.0 212.0 1.0
199.0 62.0 0.0
220.0 162.0 4.0
203.0 201.0 1.0
344.0 166.0 1.0
197.0 68.0 0.0
319.0 207.0 1.0
338.0 58.0 0.0
184.0 125.0 0.0
336.0 126.0 1.0
223.0 124.0 3.0
168.0 209.0 1.0
238.0 170.0 4.0
281.0 61.0 0.0
223.0 210.0 1.0
289.0 165.0 2.0
283.0 201.0 1.0
338.0 103.0 1.0
183.0 45.0 0.0
270.0 119.0 5.0
295.0 209.0 1.0
345.0 153.0 1.0
213.0 210.0 1.0
338.0 150.0 1.0
293.0 110.0 5.0
190.0 173.0 0.0
197.0 78.0 0.0
222.0 124.0 3.0
346.0 181.0 1.0
336.0 157.0 1.0
283.0 56.0 0.0
225.0 118.0 3.0
348.0 53.0 0.0
235.0 161.0 4.0
213.0 57.0 0.0
246.0 169.0 4.0
333.0 132.0 1.0
322.0 203.0 1.0
230.0 121.0 3.0
241.0 58.0 0.0
322.0 205.0 1.0
327.0 50.0 0.0
220.0 204.0 1.0
343.0 142.0 1.0
187.0 122.0 0.0
171.0 206.0 1.0
216.0 47.0 0.0
344.0 124.0 1.0
221.0 181.0 4.0
245.0 219.0 1.0
288.0 178.0 2.0
241.0 59.0 0.0
294.0 63.0 0.0
285.0 173.0 2.0
239.0 210.0 1.0
367.0 56.0 0.0
339.0 195.0 1.0
239.0 161.0 4.0
186.0 166.0 0.0
299.0 204.0 1.0
183.0 202.0 1.0
327.0 158.0 1.0
184.0 67.0 0.0
208.0 57.0 0.0
188.0 110.0 0.0
311.0 64.0 0.0
283.0 210.0 1.0
296.0 115.0 5.0
290.0 122.0 5.0
283.0 128.0 5.0
200.0 141.0 0.0
189.0 136.0 0.0
328.0 201.0 1.0
205.0 59.0 0.0
186.0 76.0 0.0
342.0 118.0 1.0
192.0 89.0 0.0
223.0 123.0 3.0
381.0 60.0 0.0
195.0 116.0 0.0
240.0 204.0 1.0
269.0 126.0 5.0
209.0 212.0 1.0
234.0 62.0 0.0
239.0 65.0 0.0
244.0 205.0 1.0
201.0 134.0 0.0
268.0 117.0 5.0
192.0 119.0 0.0
202.0 66.0 0.0
279.0 163.0 2.0
297.0 171.0 2.0
343.0 148.0 1.0
348.0 193.0 1.0
337.0 124.0 1.0
279.0 214.0 1.0
234.0 212.0 1.0
347.0 206.0 1.0
245.0 169.0 4.0
294.0 120.0 5.0
171.0 208.0 1.0
182.0 156.0 0.0
317.0 63.0 0.0
222.0 62.0 0.0
231.0 125.0 3.0
345.0 199.0 1.0
345.0 52.0 0.0
200.0 56.0 0.0
249.0 168.0 4.0
374.0 69.0 0.0
342.0 58.0 0.0
280.0 109.0 5.0
267.0 66.0 0.0
185.0 173.0 0.0
338.0 208.0 1.0
334.0 58.0 0.0
338.0 130.0 1.0
189.0 123.0 0.0
340.0 214.0 1.0
189.0 112.0 0.0
339.0 173.0 1.0
354.0 66.0 0.0
233.0 214.0 1.0
277.0 155.0 2.0
288.0 208.0 1.0
238.0 166.0 4.0
225.0 115.0 3.0
232.0 122.0 3.0
238.0 173.0 4.0
280.0 135.0 5.0
185.0 200.0 1.0
280.0 49.0 0.0
210.0 61.0 0.0
192.0 67.0 0.0
230.0 119.0 3.0
208.0 59.0 0.0
348.0 184.0 1.0
378.0 63.0 0.0
187.0 136.0 0.0
192.0 77.0 0.0
305.0 172.0 2.0
334.0 127.0 1.0
279.0 58.0 0.0
185.0 130.0 0.0
274.0 124.0 5.0
179.0 212.0 1.0
276.0 163.0 2.0
237.0 209.0 1.0
229.0 134.0 3.0
234.0 165.0 4.0
333.0 133.0 1.0
316.0 57.0 0.0
194.0 92.0 0.0
192.0 114.0 0.0
283.0 207.0 1.0
300.0 63.0 0.0
342.0 57.0 0.0
352.0 54.0 0.0
211.0 55.0 0.0
383.0 57.0 0.0
201.0 208.0 1.0
232.0 170.0 4.0
293.0 208.0 1.0
191.0 141.0 0.0
291.0 171.0 2.0
298.0 127.0 5.0
299.0 166.0 2.0
187.0 79.0 0.0
319.0 64.0 0.0
283.0 203.0 1.0
343.0 174.0 1.0
243.0 199.0 1.0
205.0 205.0 1.0
218.0 209.0 1.0
186.0 158.0 0.0
380.0 61.0 0.0
337.0 152.0 1.0
344.0 209.0 1.0
324.0 60.0 0.0
223.0 172.0 4.0
266.0 208.0 1.0
303.0 64.0 0.0
384.0 56.0 0.0
241.0 207.0 1.0
212.0 200.0 1.0
333.0 91.0 1.0
204.0 52.0 0.0
250.0 207.0 1.0
377.0 56.0 0.0
207.0 49.0 0.0
189.0 85.0 0.0
281.0 206.0 1.0
183.0 205.0 1.0
382.0 59.0 0.0
296.0 213.0 1.0
286.0 132.0 5.0
260.0 210.0 1.0
192.0 120.0 0.0
350.0 62.0 0.0
207.0 206.0 1.0
237.0 121.0 3.0
191.0 160.0 0.0
364.0 55.0 0.0
283.0 200.0 1.0
226.0 161.0 4.0
221.0 209.0 1.0
287.0 130.0 5.0
319.0 66.0 0.0
340.0 201.0 1.0
337.0 164.0 1.0
332.0 210.0 1.0
189.0 134.0 0.0
227.0 208.0 1.0
238.0 127.0 3.0
331.0 60.0 0.0
298.0 60.0 0.0
278.0 202.0 1.0
196.0 95.0 0.0
190.0 86.0 0.0
290.0 120.0 5.0
342.0 143.0 1.0
291.0 211.0 1.0
262.0 59.0 0.0
236.0 58.0 0.0
288.0 114.0 5.0
225.0 210.0 1.0
192.0 159.0 0.0
178.0 209.0 1.0
236.0 119.0 3.0
344.0 113.0 1.0
191.0 65.0 0.0
269.0 112.0 5.0
188.0 167.0 0.0
333.0 154.0 1.0
208.0 60.0 0.0
294.0 175.0 2.0
207.0 220.0 1.0
302.0 61.0 0.0
240.0 183.0 4.0
260.0 206.0 1.0
192.0 150.0 0.0
262.0 211.0 1.0
247.0 59.0 0.0
186.0 130.0 0.0
170.0 210.0 1.0
321.0 65.0 0.0
184.0 196.0 1.0
342.0 139.0 1.0
294.0 169.0 2.0
299.0 178.0 2.0
263.0 209.0 1.0
184.0 75.0 0.0
353.0 56.0 0.0
375.0 59.0 0.0
228.0 198.0 1.0
338.0 148.0 1.0
286.0 114.0 5.0
249.0 57.0 0.0
257.0 62.0 0.0
225.0 64.0 0.0
234.0 215.0 1.0
222.0 159.0 4.0
282.0 57.0 0.0
188.0 154.0 0.0
279.0 123.0 5.0
244.0 210.0 1.0
188.0 97.0 0.0
260.0 202.0 1.0
248.0 115.0 3.0
334.0 202.0 1.0
323.0 213.0 1.0
203.0 53.0 0.0
331.0 57.0 0.0
344.0 154.0 1.0
277.0 58.0 0.0
255.0 217.0 1.0
191.0 60.0 0.0
270.0 56.0 0.0
269.0 135.0 5.0
213.0 121.0 3.0
190.0 169.0 0.0
242.0 204.0 1.0
184.0 76.0 0.0
189.0 102.0 0.0
222.0 64.0 0.0
224.0 175.0 4.0
275.0 114.0 5.0
286.0 121.0 5.0
188.0 205.0 1.0
344.0 52.0 0.0
331.0 50.0 0.0
196.0 98.0 0.0
253.0 207.0 1.0
335.0 111.0 1.0
295.0 164.0 2.0
288.0 63.0 0.0
231.0 62.0 0.0
219.0 55.0 0.0
265.0 210.0 1.0
188.0 74.0 0.0
334.0 167.0 1.0
335.0 93.0 1.0
332.0 60.0 0.0
244.0 209.0 1.0
256.0 74.0 0.0
341.0 119.0 1.0
338.0 104.0 1.0
285.0 131.0 5.0
281.0 212.0 1.0
231.0 121.0 3.0
340.0 110.0 1.0
187.0 126.0 0.0
306.0 199.0 1.0
185.0 212.0 1.0
289.0 175.0 2.0
188.0 161.0 0.0
298.0 178.0 2.0
323.0 48.0 0.0
246.0 61.0 0.0
221.0 136.0 3.0
187.0 86.0 0.0
301.0 47.0 0.0
310.0 171.0 2.0
340.0 47.0 0.0
211.0 202.0 1.0
188.0 151.0 0.0
279.0 56.0 0.0
199.0 66.0 0.0
212.0 47.0 0.0
329.0 212.0 1.0
295.0 168.0 2.0
291.0 117.0 5.0
209.0 209.0 1.0
183.0 131.0 0.0
288.0 112.0 5.0
190.0 57.0 0.0
222.0 207.0 1.0
200.0 68.0 0.0
185.0 117.0 0.0
276.0 174.0 2.0
187.0 109.0 0.0
286.0 177.0 2.0
286.0 128.0 5.0
283.0 178.0 2.0
191.0 72.0 0.0
190.0 175.0 0.0
338.0 175.0 1.0
199.0 154.0 0.0
187.0 127.0 0.0
230.0 58.0 0.0
391.0 62.0 0.0
198.0 62.0 0.0
338.0 212.0 1.0
189.0 79.0 0.0
191.0 107.0 0.0
189.0 161.0 0.0
331.0 154.0 1.0
208.0 53.0 0.0
277.0 61.0 0.0
293.0 60.0 0.0
237.0 182.0 4.0
302.0 216.0 1.0
343.0 179.0 1.0
198.0 208.0 1.0
233.0 106.0 3.0
282.0 120.0 5.0
192.0 72.0 0.0
353.0 142.0 1.0
226.0 136.0 3.0
286.0 161.0 2.0
186.0 122.0 0.0
302.0 180.0 2.0
351.0 60.0 0.0
234.0 123.0 3.0
238.0 72.0 0.0
175.0 205.0 1.0
261.0 64.0 0.0
191.0 75.0 0.0
182.0 119.0 0.0
270.0 196.0 1.0
216.0 62.0 0.0
240.0 58.0 0.0
299.0 180.0 2.0
300.0 173.0 2.0
253.0 64.0 0.0
194.0 202.0 1.0
188.0 112.0 0.0
193.0 147.0 0.0
271.0 212.0 1.0
342.0 179.0 1.0
199.0 70.0 0.0
195.0 117.0 0.0
374.0 61.0 0.0
272.0 58.0 0.0
339.0 194.0 1.0
188.0 82.0 0.0
214.0 56.0 0.0
190.0 85.0 0.0
169.0 214.0 1.0
311.0 212.0 1.0
185.0 102.0 0.0
315.0 209.0 1.0
333.0 206.0 1.0
259.0 206.0 1.0
336.0 149.0 1.0
336.0 164.0 1.0
195.0 61.0 0.0
321.0 210.0 1.0
351.0 52.0 0.0
348.0 62.0 0.0
222.0 50.0 0.0
184.0 198.0 1.0
224.0 119.0 3.0
287.0 115.0 5.0
228.0 51.0 0.0
189.0 164.0 0.0
186.0 202.0 1.0
186.0 84.0 0.0
194.0 93.0 0.0
288.0 131.0 5.0
285.0 69.0 0.0
235.0 67.0 0.0
245.0 116.0 3.0
334.0 59.0 0.0
297.0 161.0 2.0
233.0 172.0 4.0
332.0 55.0 0.0
211.0 209.0 1.0
234.0 174.0 4.0
369.0 58.0 0.0
194.0 131.0 0.0
339.0 197.0 1.0
199.0 155.0 0.0
302.0 168.0 2.0
345.0 129.0 1.0
280.0 169.0 2.0
181.0 207.0 1.0
243.0 117.0 3.0
243.0 109.0 3.0
219.0 160.0 4.0
339.0 108.0 1.0
300.0 208.0 1.0
331.0 63.0 0.0
214.0 118.0 3.0
197.0 86.0 0.0
236.0 185.0 4.0
200.0 216.0 1.0
218.0 55.0 0.0
323.0 208.0 1.0
282.0 124.0 5.0
324.0 56.0 0.0
343.0 155.0 1.0
244.0 65.0 0.0
187.0 183.0 0.0
218.0 174.0 4.0
239.0 115.0 3.0
336.0 123.0 1.0
254.0 211.0 1.0
288.0 209.0 1.0
275.0 115.0 5.0
281.0 109.0 5.0
323.0 61.0 0.0
209.0 56.0 0.0
347.0 170.0 1.0
323.0 204.0 1.0
316.0 207.0 1.0
336.0 124.0 1.0
175.0 206.0 1.0
244.0 211.0 1.0
208.0 54.0 0.0
191.0 174.0 0.0
309.0 214.0 1.0
284.0 164.0 2.0
237.0 58.0 0.0
373.0 56.0 0.0
311.0 209.0 1.0
295.0 178.0 2.0
290.0 113.0 5.0
261.0 65.0 0.0
232.0 204.0 1.0
296.0 207.0 1.0
293.0 172.0 2.0
234.0 114.0 3.0
269.0 211.0 1.0
259.0 57.0 0.0
239.0 116.0 3.0
303.0 219.0 1.0
240.0 62.0 0.0
366.0 61.0 0.0
197.0 118.0 0.0
329.0 210.0 1.0
339.0 158.0 1.0
336.0 206.0 1.0
234.0 130.0 3.0
337.0 158.0 1.0
187.0 114.0 0.0
280.0 167.0 2.0
287.0 121.0 5.0
257.0 215.0 1.0
246.0 199.0 1.0
232.0 156.0 4.0
376.0 52.0 0.0
334.0 124.0 1.0
212.0 206.0 1.0
186.0 59.0 0.0
242.0 51.0 0.0
198.0 204.0 1.0
333.0 217.0 1.0
334.0 151.0 1.0
255.0 59.0 0.0
254.0 215.0 1.0
342.0 124.0 1.0
274.0 206.0 1.0
338.0 144.0 1.0
344.0 158.0 1.0
301.0 53.0 0.0
306.0 205.0 1.0
235.0 60.0 0.0
186.0 204.0 1.0
252.0 204.0 1.0
279.0 112.0 5.0
285.0 204.0 1.0
344.0 204.0 1.0
219.0 130.0 3.0
283.0 61.0 0.0
230.0 173.0 4.0
343.0 168.0 1.0
299.0 198.0 1.0
222.0 212.0 1.0
239.0 118.0 3.0
205.0 206.0 1.0
277.0 210.0 1.0
296.0 204.0 1.0
327.0 52.0 0.0
211.0 206.0 1.0
214.0 62.0 0.0
332.0 214.0 1.0
292.0 210.0 1.0
188.0 204.0 1.0
238.0 157.0 4.0
254.0 56.0 0.0
215.0 207.0 1.0
307.0 57.0 0.0
290.0 214.0 1.0
337.0 203.0 1.0
240.0 216.0 1.0
193.0 205.0 1.0
311.0 63.0 0.0
289.0 114.0 5.0
314.0 58.0 0.0
234.0 110.0 3.0
242.0 117.0 3.0
223.0 213.0 1.0
287.0 110.0 5.0
288.0 58.0 0.0
239.0 61.0 0.0
158.0 211.0 1.0
293.0 203.0 1.0
273.0 61.0 0.0
290.0 57.0 0.0
325.0 204.0 1.0
301.0 59.0 0.0
338.0 165.0 1.0
197.0 59.0 0.0
186.0 80.0 0.0
190.0 69.0 0.0
292.0 134.0 5.0
258.0 206.0 1.0
191.0 114.0 0.0
370.0 45.0 0.0
338.0 137.0 1.0
341.0 91.0 1.0
314.0 209.0 1.0
335.0 102.0 1.0
298.0 53.0 0.0
203.0 49.0 0.0
191.0 56.0 0.0
242.0 161.0 4.0
177.0 147.0 0.0
255.0 72.0 0.0
350.0 58.0 0.0
238.0 61.0 0.0
318.0 70.0 0.0
341.0 195.0 1.0
162.0 212.0 1.0
187.0 163.0 0.0
255.0 64.0 0.0
201.0 205.0 1.0
194.0 96.0 0.0
239.0 176.0 4.0
283.0 206.0 1.0
339.0 156.0 1.0
341.0 184.0 1.0
204.0 203.0 1.0
339.0 142.0 1.0
333.0 210.0 1.0
301.0 112.0 5.0
190.0 148.0 0.0
199.0 54.0 0.0
337.0 201.0 1.0
232.0 56.0 0.0
218.0 58.0 0.0
183.0 58.0 0.0
279.0 180.0 2.0
191.0 112.0 0.0
235.0 115.0 3.0
186.0 73.0 0.0
368.0 59.0 0.0
335.0 92.0 1.0
229.0 170.0 4.0
187.0 105.0 0.0
306.0 201.0 1.0
280.0 131.0 5.0
339.0 140.0 1.0
328.0 210.0 1.0
257.0 210.0 1.0
239.0 62.0 0.0
187.0 94.0 0.0
280.0 129.0 5.0
332.0 57.0 0.0
166.0 206.0 1.0
223.0 211.0 1.0
258.0 210.0 1.0
275.0 54.0 0.0
234.0 204.0 1.0
273.0 205.0 1.0
334.0 162.0 1.0
211.0 63.0 0.0
359.0 53.0 0.0
201.0 80.0 0.0
188.0 102.0 0.0
199.0 101.0 0.0
195.0 159.0 0.0
340.0 163.0 1.0
232.0 213.0 1.0
324.0 156.0 1.0
193.0 86.0 0.0
337.0 186.0 1.0
352.0 61.0 0.0
286.0 166.0 2.0
210.0 207.0 1.0
220.0 128.0 3.0
299.0 63.0 0.0
223.0 63.0 0.0
225.0 110.0 3.0
281.0 158.0 2.0
269.0 62.0 0.0
329.0 57.0 0.0
227.0 58.0 0.0
339.0 180.0 1.0
316.0 60.0 0.0
332.0 213.0 1.0
290.0 160.0 2.0
275.0 118.0 5.0
188.0 54.0 0.0
199.0 167.0 0.0
183.0 211.0 1.0
289.0 173.0 2.0
343.0 115.0 1.0
350.0 189.0 1.0
218.0 113.0 3.0
258.0 211.0 1.0
323.0 65.0 0.0
322.0 214.0 1.0
339.0 151.0 1.0
216.0 55.0 0.0
314.0 56.0 0.0
247.0 201.0 1.0
262.0 214.0 1.0
342.0 115.0 1.0
252.0 55.0 0.0
300.0 167.0 2.0
280.0 112.0 5.0
230.0 57.0 0.0
312.0 210.0 1.0
274.0 210.0 1.0
200.0 209.0 1.0
333.0 199.0 1.0
282.0 125.0 5.0
293.0 115.0 5.0
219.0 124.0 3.0
299.0 132.0 5.0
292.0 168.0 2.0
376.0 61.0 0.0
235.0 58.0 0.0
229.0 67.0 0.0
235.0 120.0 3.0
231.0 215.0 1.0
267.0 204.0 1.0
344.0 60.0 0.0
321.0 55.0 0.0
311.0 208.0 1.0
312.0 207.0 1.0
220.0 201.0 1.0
250.0 68.0 0.0
193.0 134.0 0.0
273.0 58.0 0.0
241.0 163.0 4.0
240.0 116.0 3.0
254.0 49.0 0.0
275.0 120.0 5.0
291.0 56.0 0.0
319.0 62.0 0.0
282.0 59.0 0.0
341.0 202.0 1.0
218.0 207.0 1.0
230.0 180.0 4.0
188.0 209.0 1.0
188.0 207.0 1.0
288.0 53.0 0.0
243.0 206.0 1.0
288.0 211.0 1.0
259.0 209.0 1.0
275.0 59.0 0.0
335.0 183.0 1.0
317.0 204.0 1.0
298.0 58.0 0.0
298.0 129.0 5.0
234.0 172.0 4.0
232.0 212.0 1.0
188.0 149.0 0.0
186.0 99.0 0.0
282.0 113.0 5.0
233.0 178.0 4.0
335.0 211.0 1.0
197.0 69.0 0.0
221.0 211.0 1.0
222.0 174.0 4.0
343.0 202.0 1.0
337.0 193.0 1.0
185.0 169.0 0.0
251.0 181.0 4.0
216.0 195.0 1.0
288.0 55.0 0.0
180.0 133.0 0.0
259.0 58.0 0.0
338.0 213.0 1.0
276.0 64.0 0.0
240.0 212.0 1.0
360.0 53.0 0.0
324.0 58.0 0.0
346.0 60.0 0.0
320.0 59.0 0.0
244.0 59.0 0.0
266.0 57.0 0.0
228.0 165.0 4.0
346.0 117.0 1.0
328.0 209.0 1.0
184.0 127.0 0.0
224.0 106.0 3.0
224.0 113.0 3.0
199.0 206.0 1.0
190.0 166.0 0.0
310.0 59.0 0.0
188.0 210.0 1.0
314.0 210.0 1.0
283.0 185.0 2.0
290.0 61.0 0.0
250.0 161.0 4.0
223.0 59.0 0.0
340.0 144.0 1.0
189.0 99.0 0.0
250.0 169.0 4.0
188.0 139.0 0.0
326.0 60.0 0.0
331.0 103.0 1.0
338.0 63.0 0.0
330.0 212.0 1.0
344.0 111.0 1.0
187.0 108.0 0.0
189.0 142.0 0.0
187.0 81.0 0.0
342.0 105.0 1.0
305.0 211.0 1.0
268.0 207.0 1.0
189.0 108.0 0.0
194.0 68.0 0.0
179.0 63.0 0.0
245.0 162.0 4.0
191.0 110.0 0.0
235.0 112.0 3.0
179.0 202.0 1.0
288.0 113.0 5.0
351.0 59.0 0.0
285.0 181.0 2.0
260.0 61.0 0.0
199.0 196.0 1.0
286.0 158.0 2.0
334.0 221.0 1.0
189.0 144.0 0.0
215.0 114.0 3.0
332.0 117.0 1.0
370.0 61.0 0.0
263.0 56.0 0.0
241.0 172.0 4.0
271.0 115.0 5.0
194.0 59.0 0.0
184.0 179.0 0.0
332.0 131.0 1.0
251.0 208.0 1.0
227.0 183.0 4.0
275.0 213.0 1.0
342.0 152.0 1.0
341.0 143.0 1.0
342.0 176.0 1.0
252.0 201.0 1.0
236.0 170.0 4.0
300.0 211.0 1.0
341.0 175.0 1.0
233.0 164.0 4.0
334.0 207.0 1.0
293.0 163.0 2.0
190.0 93.0 0.0
282.0 110.0 5.0
341.0 132.0 1.0
343.0 56.0 0.0
241.0 66.0 0.0
239.0 209.0 1.0
281.0 58.0 0.0
347.0 195.0 1.0
191.0 96.0 0.0
280.0 127.0 5.0
277.0 171.0 2.0
184.0 104.0 0.0
176.0 216.0 1.0
331.0 209.0 1.0
190.0 131.0 0.0
252.0 209.0 1.0
242.0 110.0 3.0
292.0 109.0 5.0
326.0 55.0 0.0
186.0 119.0 0.0
188.0 127.0 0.0
347.0 137.0 1.0
190.0 196.0 1.0
335.0 152.0 1.0
192.0 175.0 0.0
180.0 83.0 0.0
230.0 62.0 0.0
339.0 120.0 1.0
225.0 111.0 3.0
193.0 91.0 0.0
220.0 121.0 3.0
321.0 207.0 1.0
187.0 176.0 0.0
386.0 60.0 0.0
339.0 163.0 1.0
301.0 125.0 5.0
273.0 107.0 5.0
237.0 117.0 3.0
336.0 119.0 1.0
291.0 180.0 2.0
266.0 207.0 1.0
276.0 166.0 2.0
337.0 178.0 1.0
177.0 88.0 0.0
290.0 116.0 5.0
188.0 158.0 0.0
273.0 117.0 5.0
294.0 213.0 1.0
239.0 169.0 4.0
257.0 208.0 1.0
267.0 203.0 1.0
337.0 129.0 1.0
231.0 170.0 4.0
281.0 112.0 5.0
187.0 123.0 0.0
243.0 205.0 1.0
306.0 172.0 2.0
280.0 173.0 2.0
197.0 210.0 1.0
189.0 78.0 0.0
304.0 59.0 0.0
218.0 206.0 1.0
333.0 102.0 1.0
232.0 114.0 3.0
283.0 129.0 5.0
321.0 61.0 0.0
194.0 211.0 1.0
309.0 55.0 0.0
301.0 158.0 2.0
185.0 57.0 0.0
339.0 206.0 1.0
342.0 60.0 0.0
234.0 60.0 0.0
311.0 57.0 0.0
193.0 184.0 0.0
222.0 56.0 0.0
217.0 121.0 3.0
296.0 165.0 2.0
331.0 123.0 1.0
296.0 168.0 2.0
193.0 164.0 0.0
251.0 203.0 1.0
292.0 122.0 5.0
296.0 64.0 0.0
179.0 164.0 0.0
288.0 115.0 5.0
195.0 166.0 0.0
245.0 183.0 4.0
168.0 206.0 1.0
262.0 56.0 0.0
285.0 60.0 0.0
185.0 204.0 1.0
246.0 187.0 4.0
284.0 172.0 2.0
378.0 60.0 0.0
286.0 168.0 2.0
285.0 57.0 0.0
247.0 166.0 4.0
334.0 200.0 1.0
228.0 177.0 4.0
190.0 158.0 0.0
293.0 128.0 5.0
242.0 113.0 3.0
231.0 169.0 4.0
187.0 111.0 0.0
241.0 211.0 1.0
273.0 125.0 5.0
342.0 189.0 1.0
186.0 53.0 0.0
206.0 202.0 1.0
187.0 57.0 0.0
176.0 219.0 1.0
332.0 164.0 1.0
344.0 199.0 1.0
227.0 115.0 3.0
205.0 203.0 1.0
339.0 162.0 1.0
207.0 216.0 1.0
189.0 53.0 0.0
271.0 213.0 1.0
204.0 208.0 1.0
277.0 172.0 2.0
341.0 65.0 0.0
208.0 203.0 1.0
252.0 216.0 1.0
314.0 67.0 0.0
192.0 147.0 0.0
298.0 59.0 0.0
289.0 211.0 1.0
336.0 108.0 1.0
188.0 96.0 0.0
342.0 121.0 1.0
317.0 210.0 1.0
228.0 208.0 1.0
205.0 209.0 1.0
270.0 110.0 5.0
240.0 46.0 0.0
248.0 169.0 4.0
275.0 209.0 1.0
301.0 202.0 1.0
293.0 158.0 2.0
296.0 164.0 2.0
261.0 59.0 0.0
277.0 138.0 5.0
292.0 62.0 0.0
357.0 59.0 0.0
285.0 117.0 5.0
276.0 213.0 1.0
246.0 170.0 4.0
197.0 63.0 0.0
190.0 95.0 0.0
185.0 122.0 0.0
234.0 55.0 0.0
270.0 113.0 5.0
342.0 55.0 0.0
232.0 118.0 3.0
210.0 115.0 3.0
185.0 118.0 0.0
288.0 160.0 2.0
215.0 208.0 1.0
246.0 168.0 4.0
291.0 161.0 2.0
194.0 94.0 0.0
183.0 156.0 0.0
320.0 58.0 0.0
192.0 160.0 0.0
267.0 59.0 0.0
355.0 64.0 0.0
335.0 193.0 1.0
285.0 127.0 5.0
345.0 55.0 0.0
208.0 74.0 0.0
198.0 60.0 0.0
192.0 142.0 0.0
244.0 109.0 3.0
338.0 141.0 1.0
341.0 136.0 1.0
285.0 212.0 1.0
351.0 62.0 0.0
187.0 78.0 0.0
250.0 202.0 1.0
178.0 201.0 1.0
296.0 171.0 2.0
266.0 55.0 0.0
337.0 142.0 1.0
224.0 58.0 0.0
237.0 213.0 1.0
188.0 121.0 0.0
191.0 167.0 0.0
240.0 111.0 3.0
226.0 159.0 4.0
226.0 135.0 3.0
235.0 63.0 0.0
239.0 113.0 3.0
308.0 210.0 1.0
314.0 59.0 0.0
214.0 50.0 0.0
270.0 214.0 1.0
293.0 56.0 0.0
236.0 165.0 4.0
249.0 163.0 4.0
368.0 63.0 0.0
296.0 118.0 5.0
186.0 56.0 0.0
257.0 58.0 0.0
218.0 171.0 4.0
335.0 53.0 0.0
244.0 56.0 0.0
277.0 115.0 5.0
186.0 150.0 0.0
246.0 156.0 4.0
184.0 167.0 0.0
257.0 203.0 1.0
226.0 169.0 4.0
365.0 56.0 0.0
257.0 211.0 1.0
343.0 183.0 1.0
189.0 88.0 0.0
185.0 136.0 0.0
227.0 210.0 1.0
338.0 201.0 1.0
240.0 105.0 3.0
196.0 119.0 0.0
333.0 108.0 1.0
231.0 164.0 4.0
337.0 133.0 1.0
287.0 211.0 1.0
231.0 209.0 1.0
193.0 88.0 0.0
282.0 172.0 2.0
329.0 60.0 0.0
244.0 167.0 4.0
255.0 202.0 1.0
298.0 210.0 1.0
346.0 192.0 1.0
228.0 55.0 0.0
238.0 209.0 1.0
245.26784769143546 47.2453297785121 -1.0
379.51643339351045 107.17949586201776 -1.0
328.55458844205737 152.90650465999101 -1.0
297.4874268179095 130.57079906157597 -1.0
194.3523432230877 194.88115109627466 -1.0
194.34672323833522 158.882240954648 -1.0
171.53348163519047 68.6540657288202 -1.0
359.8190419655599 51.84351202687823 -1.0
298.05979773616764 155.92030863354944 -1.0
322.9809106264786 43.82505851857517 -1.0
162.79618717092197 145.61115579177033 -1.0
383.98899555374464 210.12190393934227 -1.0
351.9591353064983 143.73630037340996 -1.0
207.47501278803833 109.64692656958698 -1.0
200.36521735925444 156.07845575650828 -1.0
200.7332507958501 122.40202606945603 -1.0
228.88844260957228 138.30225565550018 -1.0
280.2682485703114 210.3465951973276 -1.0
258.64318934361296 109.27068007974091 -1.0
225.85638966614377 213.93668261595238 -1.0
300.5617244703144 203.7738168360036 -1.0
190.50206953192574 74.63398653165194 -1.0
226.06970310870582 51.62375675928011 -1.0
243.36230948743017 57.34159625069165 -1.0
264.2643063225694 42.31637226858205 -1.0
340.9459990045722 56.18861885757897 -1.0
204.5239912428978 163.30723276177696 -1.0
277.8166241503715 51.95633401976168 -1.0
296.0325945448559 97.05356471346457 -1.0
168.82294616375947 192.76730659644073 -1.0
299.55795049303515 43.23549230392031 -1.0
197.7321208191389 187.23326383118632 -1.0
173.15702116557011 90.29756900875879 -1.0
379.0903301800266 60.50599862714144 -1.0
382.99226370637234 165.80616409627544 -1.0
346.3565821111355 153.4675981139389 -1.0
228.97500821739538 198.69990646192363 -1.0
180.75760256348744 172.78292997230722 -1.0
317.4262951773326 185.23352933004244 -1.0
260.5555310413271 90.33029220797778 -1.0
186.43490871883347 71.29399696790955 -1.0
273.37622005592596 175.61188479863623 -1.0
166.01252541984587 185.84392254664206 -1.0
369.87165368435626 219.27193584412254 -1.0
218.29573571280395 114.09641719787962 -1.0
312.3676922544778 106.70729161428653 -1.0
230.62868072883276 180.3071588550434 -1.0
279.17584893442995 101.02624432604924 -1.0
285.38349508698417 208.39783325984877 -1.0
201.07108813744782 195.23112083542816 -1.0
383.91321826914213 117.07691298225333 -1.0
338.6059478431397 175.65853433805253 -1.0
376.9032533844561 176.3268030834122 -1.0
366.4947726496422 57.76854412813974 -1.0
297.31069506298286 203.26462901568112 -1.0
372.7966967603862 130.95593178551002 -1.0
178.61875297809723 189.41525883160898 -1.0
203.66400694366084 97.24902738757135 -1.0
168.53795831615537 201.9852275863085 -1.0
233.8019670678406 109.8347055296177 -1.0
248.5618084976493 40.9724525694143 -1.0
221.22432440331775 203.779519708306 -1.0
351.09583963239953 55.61417517507631 -1.0
241.1235251196063 97.11508204145551 -1.0
223.4577407571597 211.9112780032465 -1.0
284.4481873758719 212.0105007426352 -1.0
190.8353444191197 143.36569563843807 -1.0
344.91189651569124 153.99437261490345 -1.0
175.3702999773866 120.6170850000542 -1.0
387.9446562279205 92.36436044904775 -1.0
337.9330312461212 98.8169472573247 -1.0
204.30075379746216 161.398359006021 -1.0
159.28665328979935 175.93216435765777 -1.0
348.00251282997635 183.06738595810444 -1.0
322.6977611164948 182.7105019886088 -1.0
327.85867015355007 55.59951075486165 -1.0
337.7059907778254 128.98449545586982 -1.0
175.25240385404305 49.47569432302926 -1.0
241.5225147508155 139.01425658291987 -1.0
184.99749086935523 119.35855124995462 -1.0
359.1030982290133 200.56216126201056 -1.0
303.228463550821 102.86653228447832 -1.0
235.09923979066724 60.30619698982427 -1.0
172.8090956166435 65.02448613361612 -1.0
230.4588809597493 177.59493497257995 -1.0
233.76771403223205 151.5156875235595 -1.0
327.99823955276895 57.404327054347824 -1.0
306.55089082576467 54.30743871292953 -1.0
364.7205690202841 166.57638192555984 -1.0
268.0260775627342 52.24286715828322 -1.0
185.8654593036243 188.57853079084484 -1.0
324.18603542295784 167.53608534248232 -1.0
335.2629163277371 53.80547807682576 -1.0
288.7775870336926 54.440463963504925 -1.0
337.6353529294127 218.56840328721393 -1.0
273.05437395290306 107.1172848276139 -1.0
279.7967492460046 106.45687076617415 -1.0
257.6170572775421 186.92952124086545 -1.0
163.92265653137417 211.39924108386228 -1.0
183.13870248943994 218.4521936157625 -1.0
165.32300026500909 176.11482971712738 -1.0
306.28362582446084 107.47924456662668 -1.0
231.24494359078412 54.19713043915772 -1.0
276.49697104137573 180.4407386987935 -1.0
369.46298842477967 140.6295734519165 -1.0
216.08508939168786 116.20840568294969 -1.0
253.61922106730174 203.95649808724195 -1.0
334.0434152805303 59.23794177971955 -1.0
211.30997255954804 128.65776898093637 -1.0
175.93631899010876 41.06636334767027 -1.0
225.51208852890795 124.29623684293098 -1.0
195.56455993018304 49.2471961740944 -1.0
374.6195529958195 60.62486076078909 -1.0
346.29204843850914 60.38977691343309 -1.0
305.58307526692863 157.15627498512356 -1.0
361.05031751373826 174.78016802630705 -1.0
345.2555939174937 145.17311524768306 -1.0
201.47082372044633 214.11540382236663 -1.0
365.9662466481648 107.22644547331414 -1.0
283.6667423663466 90.99959970329866 -1.0
346.13355615322655 197.08504133048177 -1.0
366.7892728821739 79.69444261054038 -1.0
232.09480966844427 214.30650217819127 -1.0
183.6420984149487 41.21211439354657 -1.0
211.1088928722724 215.5179464607903 -1.0
257.51611474991773 46.85510397500485 -1.0
348.5974404599409 201.18804669304893 -1.0
358.55022589872806 135.0416018537066 -1.0
159.61984641376745 219.71959289371267 -1.0
277.0041215005728 52.43097478184259 -1.0
255.2567637336655 139.80147976104038 -1.0
209.75111983968014 215.413061482676 -1.0
185.9286305887481 134.20380763896708 -1.0
236.6643349370453 153.55055214061778 -1.0
377.69796101161694 165.62626139520034 -1.0
233.30628316083596 121.72647378773473 -1.0
278.8782148662043 153.21557057529955 -1.0
321.80341742257644 145.34520477000424 -1.0
242.72569735437548 203.01075790936 -1.0
384.42522527398387 47.271241222145335 -1.0
382.25021972151194 90.13530050578592 -1.0
216.66527492730984 211.97489010193368 -1.0
273.8589018729258 201.02800866814678 -1.0
228.10464618730734 121.92952900699976 -1.0
224.36783518994997 151.86413279987968 -1.0
166.59465873360614 89.48337530256615 -1.0
300.028489817316 73.23805106972455 -1.0
275.1242124123247 123.39310969907675 -1.0
169.99454904124752 103.31010550074161 -1.0
222.92462616713047 145.22541235685873 -1.0
369.6259514302303 53.14770392762724 -1.0
213.8179205254046 216.3398549952423 -1.0
191.760505197255 218.49035549528773 -1.0
272.04249314467216 166.0654319515936 -1.0
387.65655580776996 136.5695386746299 -1.0
214.3988782621796 95.33402616411165 -1.0
314.6075825455697 187.11069358666467 -1.0
335.4573703715912 163.62107340480603 -1.0
213.36954775022912 68.59628296077022 -1.0
327.6744092265633 204.78874757787932 -1.0
243.693469923586 188.70177821201676 -1.0
305.327258528304 211.86358421913016 -1.0
305.61242260728847 171.0809505266815 -1.0
282.8355013894187 150.64156566031374 -1.0
179.03751642267713 115.12023260489264 -1.0
352.62548147229245 208.75658397043043 -1.0
232.74175513841445 196.62362788907433 -1.0
201.45881292316602 47.229797959326476 -1.0
167.50060798226 43.79878935849987 -1.0
295.67805576286037 107.51633277180503 -1.0
315.8724963092518 186.52070620229358 -1.0
161.8649641401905 218.6842555353199 -1.0
277.31768258373245 66.37587418084213 -1.0
210.77351562111954 147.13179019408858 -1.0
308.3252601654018 108.32213590684592 -1.0
198.627377958163 215.5244204022578 -1.0
318.98849297787456 192.265644010699 -1.0
248.10933568802523 191.5758242574271 -1.0
376.2580873756591 124.30215508268459 -1.0
190.04237998601644 114.49714942545506 -1.0
237.4684597947102 88.76008709138853 -1.0
184.43933044905725 49.260340390468734 -1.0
373.45361305890515 196.37947247841967 -1.0
362.4200693377686 186.94798366167413 -1.0
218.10039925763127 220.94861653807575 -1.0
311.7762827259637 220.38790434745079 -1.0
348.4127726468833 140.0885704196782 -1.0
287.3617891026747 178.95570956285292 -1.0
281.4085847569495 210.9473628386019 -1.0
214.35158377980525 193.63582510328888 -1.0
179.69294489877453 84.01735451726196 -1.0
367.05127160312514 120.99903262643701 -1.0
367.797407319056 62.50701355757209 -1.0
305.5126395446714 212.63728696108748 -1.0
236.99394131434724 149.32378347006016 -1.0
239.36583088474998 80.61299060163022 -1.0
327.1476731767658 161.24952456186594 -1.0
367.02669056895047 151.49933976333705 -1.0
364.6911368537723 104.18561468197697 -1.0
339.7110021848264 59.66748178033248 -1.0
307.59337355394905 161.22632159788952 -1.0
177.60461184384638 133.6960015644904 -1.0
195.659490384045 179.56194729588637 -1.0
367.36312592680946 133.6697572023828 -1.0
299.29797090068445 194.0970330579743 -1.0
160.1429130266747 139.44704465695636 -1.0
181.64286948778548 141.0907108194403 -1.0
312.59591220217703 198.55095568381878 -1.0
159.17934903616896 112.43388165065626 -1.0
195.46827598027718 63.39077157801661 -1.0
285.85497292241456 44.238447089027694 -1.0
319.2115810623975 176.43498053259867 -1.0
309.90697346410593 151.89633834633057 -1.0
210.25474910431043 167.14251779405868 -1.0
323.9377585739759 77.75947739462175 -1.0
213.27903738675442 63.8196085567921 -1.0
233.81812967110938 41.64712915155451 -1.0
331.9324973924996 102.80693570280064 -1.0
309.364465478001 146.36501900754322 -1.0
355.8690546451435 110.38841620815128 -1.0
311.22380390598 118.62043580831869 -1.0
290.4159045771649 203.5568823978622 -1.0
179.82622090394554 102.38249499824067 -1.0
243.677782112848 132.54608702708555 -1.0
219.79215166984204 181.62484831888804 -1.0
214.84958690732648 111.17078638247116 -1.0
384.7114592573198 152.21977944147298 -1.0
249.59176984735518 195.9501949919076 -1.0
365.8468473562674 211.81275350569086 -1.0
305.05529985736223 65.7673735290849 -1.0
343.1910337252041 207.63894777939197 -1.0
275.1144426935098 128.56516534047597 -1.0
292.41860511794164 86.00047867041042 -1.0
272.7566226597953 122.56270763536355 -1.0
203.49161615694436 217.36592870195682 -1.0
326.33134285593076 128.65649310670227 -1.0
223.4199604487194 98.8327930723265 -1.0
163.66562017852874 154.27895548564408 -1.0
308.3950449463701 82.70650261763114 -1.0
199.2667883018424 52.807125715776834 -1.0
377.12685015422903 62.45610938773816 -1.0
380.26535844160287 62.304342690314584 -1.0
371.16340292136454 66.64629021923757 -1.0
244.24697715951856 64.26654542219265 -1.0
161.60139165122612 155.63920355418506 -1.0
374.29822508294 72.10217536064437 -1.0
257.76690655793425 101.91144556494311 -1.0
383.23057283717503 202.21549060289416 -1.0
382.5234546617959 125.26101852784277 -1.0
356.7512031238949 160.49550841082694 -1.0
226.60659185221346 70.36221655869663 -1.0
247.7277707642486 73.99660142317808 -1.0
356.3148444634277 46.438088160499156 -1.0
231.8428272014127 69.74618147913395 -1.0
197.49180997785953 89.70344170381647 -1.0
287.73469415279556 71.21590813836792 -1.0
376.124062379462 55.14386114378412 -1.0
320.1749426252687 60.95572854030935 -1.0
290.824252630822 122.86173578195609 -1.0
180.64212304858907 76.55273674985423 -1.0
301.29668382090654 105.29711471074974 -1.0
388.6825470742933 130.62194329558395 -1.0
190.6395755501101 164.65185881054447 -1.0
278.77080900075066 46.154809451080006 -1.0
362.4279257592136 184.49269260144575 -1.0
330.59908793672963 153.27787088734522 -1.0
320.4046676518974 53.88014381469469 -1.0
321.6787915689964 197.99130958743345 -1.0
241.76143823420296 206.59877689679 -1.0
226.40689971362696 50.1161886935852 -1.0
346.58114922649366 89.39173196279108 -1.0
346.7564209602491 185.72863292233717 -1.0
360.0278502291642 175.18326364982582 -1.0
370.78504874565783 72.58282552286067 -1.0
277.1427789345985 77.10157684728128 -1.0
274.8532966621175 106.42592270803152 -1.0
344.0027766992586 127.18318330476588 -1.0
309.4415958712193 151.52236841851385 -1.0
321.5582824010449 106.14228240169858 -1.0
343.4196919786116 123.18131833623292 -1.0
365.37124464349296 175.03971074034368 -1.0
236.75287154640785 45.67634292608882 -1.0
245.51082796510696 84.94352387061178 -1.0
179.89779198292248 168.82962463098855 -1.0
292.73927285210857 201.92764445907028 -1.0
166.3745497946409 132.12529446505124 -1.0
266.4843382248632 135.84465431828744 -1.0
284.4361998868653 58.50530606383924 -1.0
224.76411174589026 120.42905076186875 -1.0
295.6641497125795 135.9363424948142 -1.0
165.1065582357985 83.12963166152079 -1.0
166.70212797856695 88.00226803278733 -1.0
349.6659306337004 107.66571768504133 -1.0
241.92441944882427 42.6529579955462 -1.0
187.60509944788916 97.61840813613844 -1.0
279.68267959276943 77.48353727337113 -1.0
337.40849787197635 98.60451809638047 -1.0
208.28629940676447 60.79670799110372 -1.0
303.1334808658271 201.0759650946609 -1.0
177.88595934354794 147.03382654683685 -1.0
170.0418410322856 162.5966220842971 -1.0
281.8056291553785 182.62916542653556 -1.0
283.9679833351548 129.71648020508843 -1.0
306.5211670490821 54.819492431911115 -1.0
327.1792807573801 136.7533906109757 -1.0
385.37353451477054 145.8050834798 -1.0
278.2979811541785 174.66998430154806 -1.0
233.2488581953103 117.56203741380165 -1.0
343.2783833811079 62.2196151087926 -1.0
221.1039145440633 90.64721485536785 -1.0
260.28034102441325 105.08097794455159 -1.0
176.28033685274798 156.55693792235144 -1.0
163.9067232158016 142.88165144974198 -1.0
382.29708061995655 103.80960411340801 -1.0
352.783368079344 218.54577528032232 -1.0
320.1619900198316 149.25101712295344 -1.0
253.28603604852486 82.175276095951 -1.0
198.37757657650707 57.52441001691348 -1.0
194.44983094236306 66.82036333154844 -1.0
216.3065952723507 83.76430656598049 -1.0
285.9698128765261 68.24400993323913 -1.0
324.5008499891145 72.95519837733765 -1.0
311.8259887752314 90.88732070228016 -1.0
223.2245979884047 70.55399434364537 -1.0
380.48361039452425 202.2113072820094 -1.0
329.92998159011404 53.60254171041888 -1.0
287.1644942351563 134.46107290178634 -1.0
300.53093387260407 113.69222251211839 -1.0
255.76681454567506 217.79290827736637 -1.0
215.7213205537697 59.39108019458553 -1.0
240.94163412574395 111.40971902632498 -1.0
334.57814373819804 215.44361885611713 -1.0
161.35368285073312 196.5222969127044 -1.0
185.0449252381115 187.70711691276895 -1.0
168.71861559106839 85.93831452217904 -1.0
167.48981094032004 70.10154090499198 -1.0
357.3223160745647 160.69306602624644 -1.0
321.9522812355455 208.14643002122062 -1.0
268.48250217734676 140.33084652853523 -1.0
180.79535943168335 143.03350948352175 -1.0
272.54649890222197 89.95619504617173 -1.0
268.3189225918718 179.04771384093252 -1.0
198.35603568903355 73.04196223746925 -1.0
259.0874342724477 97.90962102557235 -1.0
250.85160311458802 116.42943182818786 -1.0
301.49307284616646 131.3850889205708 -1.0
305.976820652161 83.11857129954461 -1.0
