2.323430515 0.786154857 1.0
1.98487039 -0.794161992 1.0
-0.8436352979999999 0.226648501 1.0
-0.306770205 -0.87283016 1.0
-0.067807157 0.41146790299999997 1.0
-0.236646876 -0.014970233999999999 1.0
1.3629868319999998 0.068369048 1.0
0.004667229 1.733560828 1.0
1.892063155 0.088376182 1.0
-2.055354298 -1.22679008 1.0
0.624382319 0.820196168 1.0
0.26731020699999997 0.26371428199999997 1.0
0.35829302 0.056475857000000004 1.0
1.299571193 -0.07315025900000001 1.0
-0.295463157 1.582657304 1.0
0.8537305709999999 -1.6086586969999999 1.0
0.021201038999999998 -2.606055253 1.0
1.763656202 0.80944623 1.0
-2.218127764 1.6617881209999998 1.0
-2.3947421330000003 1.49307228 1.0
0.35997099899999996 0.9179549920000001 1.0
-0.039966796 2.5179192440000002 1.0
-0.887744268 0.803374835 1.0
-0.752503477 0.463527664 1.0
-0.43513449600000004 1.992141393 1.0
0.180021145 0.330124903 1.0
-1.4459102959999999 -0.38690955 1.0
-1.981836529 1.10153822 1.0
2.028774507 0.10958810599999999 1.0
-1.8987878059999999 -0.876841633 1.0
-0.796177245 1.138426911 1.0
2.572387638 -0.91206709 1.0
2.45698561 1.1106069809999999 1.0
1.115267822 2.486638286 1.0
-0.336616146 1.59585168 1.0
0.011355638000000001 -0.033770802 1.0
-0.19578019300000002 0.6781292790000001 1.0
0.043830140999999996 0.908996823 1.0
1.1688031509999999 1.268139592 1.0
-1.038706761 1.334327361 1.0
-0.229817811 1.472432934 1.0
0.639064128 -1.32810443 1.0
-0.548975439 -0.603512832 1.0
0.510560555 0.429603864 1.0
-1.1974069459999999 1.404186011 1.0
-2.236882988 0.58485193 1.0
-2.0334626069999997 1.783467456 1.0
-1.1867634870000001 -2.051354153 1.0
0.26903944 1.010825329 1.0
2.3318586519999998 -0.983449055 1.0
0.942836242 1.283493084 1.0
-0.5689406 0.9871665629999999 1.0
-0.666454477 -1.390985506 1.0
0.12204995199999999 0.139796644 1.0
1.198216587 0.565610225 1.0
-0.71167449 1.366536481 1.0
1.458280646 1.908481806 1.0
1.792809616 -0.528816544 1.0
-2.096181727 0.117969741 1.0
0.368194982 1.035034424 1.0
-0.702363972 -1.6923406330000001 1.0
-0.325226168 0.043555286 1.0
9.740000000000001e-05 0.038041023 1.0
0.08321522599999999 -0.11819353099999999 1.0
0.627364045 2.5999115109999997 1.0
0.027863826 -0.007569576999999999 1.0
-1.7587569330000001 -0.026095898 1.0
-0.661217071 1.119438627 1.0
-0.7887314129999999 -0.433264352 1.0
-1.4218686580000002 0.25421626399999997 1.0
-0.701687521 -0.366859634 1.0
-1.7680248930000002 0.158405692 1.0
0.09730404699999999 -0.043301787 1.0
-1.336867454 -0.09879137199999999 1.0
-0.545615353 -0.318425318 1.0
-0.9169725809999999 2.297490425 1.0
-0.24803230399999998 -1.241195233 1.0
0.09971028300000001 1.28702066 1.0
1.8514001 0.137776015 1.0
-1.422255819 -1.673316218 1.0
-0.612472892 -0.910440813 1.0
-0.043039119 0.014281452 1.0
2.844179095 0.480609679 1.0
2.293321788 0.521861434 1.0
0.475600742 2.520067246 1.0
1.63060125 0.997740088 1.0
-0.46301315200000004 -1.513358261 1.0
-1.148551765 0.8305709440000001 1.0
0.051445233 0.012775541999999999 1.0
1.081633627 1.1233852359999998 1.0
2.4533765030000003 0.337256545 1.0
0.23307361699999998 -0.163809959 1.0
-0.00217186 -0.007450335 1.0
0.426122867 2.530228785 1.0
1.9197638959999999 1.642226362 1.0
-2.5580807230000002 -1.129348568 1.0
-2.3420866559999998 1.5504604030000002 1.0
0.317911895 0.671176532 1.0
-2.092779223 -1.284228071 1.0
0.829134777 -2.484175606 1.0
-2.417705297 0.841340344 1.0
0.39498722799999997 -0.8627776640000001 1.0
1.063707778 -0.190455294 1.0
-0.066320988 0.110862172 1.0
1.102652111 0.967826553 1.0
-0.247318757 0.201332382 1.0
-2.084633955 1.730437327 1.0
-1.596016782 2.147444836 1.0
-2.8120437480000002 -0.610291983 1.0
-1.288858517 -0.551531151 1.0
-1.34874536 -0.24105312899999998 1.0
1.9424590519999998 0.763610193 1.0
-0.002597652 0.022810512999999998 1.0
0.249234522 -1.404542067 1.0
-0.999538157 1.3432763840000002 1.0
-0.17764775300000002 0.022788679 1.0
1.9367817109999999 0.238931862 1.0
2.382311848 0.75488233 1.0
0.19328494899999998 0.158782681 1.0
0.064160608 0.128351247 1.0
-0.21030458600000002 -0.020138286000000002 1.0
1.064483439 1.667063718 1.0
0.27524387699999997 -0.399522169 1.0
0.11266531800000001 0.9260326520000001 1.0
2.344503918 0.906859726 1.0
0.519422875 -0.118892895 1.0
0.187582227 1.139818968 1.0
0.178117566 1.947599736 1.0
1.062047012 -0.260075796 1.0
0.5757590260000001 1.191817146 1.0
-0.148096496 -0.98965807 1.0
-0.10709726800000001 0.037621323 1.0
-2.500589165 0.642019997 1.0
-1.6058170859999998 0.22811585199999998 1.0
-1.5051919790000001 -0.277820285 1.0
0.164916616 -0.32232096600000004 1.0
0.058037446 0.041847861 1.0
-0.748020006 1.047172715 1.0
2.442134563 1.526909281 1.0
-0.601016746 1.9034398209999999 1.0
-0.011149421999999999 0.548451713 1.0
0.201408329 -1.343272557 1.0
-0.35232467 0.441833385 1.0
1.390468487 0.099177736 1.0
-2.23223191 0.95370055 1.0
1.724145632 1.4953360080000002 1.0
-0.0034340340000000003 -0.023936719 1.0
-1.912549439 -0.22743223899999998 1.0
2.3320805769999997 1.857757515 1.0
-0.640904382 0.299469957 1.0
0.553477835 0.484824605 1.0
-1.365181912 -2.1156850119999997 1.0
-1.338080231 -0.7026446270000001 1.0
1.386218376 2.146174738 1.0
-2.051614265 -0.294933602 1.0
-0.64157491 1.778016008 1.0
-0.786487718 0.8310953870000001 1.0
-0.253192989 -1.6143796240000001 1.0
0.00118863 -0.019844625 1.0
-0.203390707 0.20844940399999998 1.0
-0.8286725490000001 -2.401815445 1.0
-1.077611864 0.10039496699999999 1.0
-1.639119481 -1.541333113 1.0
0.330310168 0.648570483 1.0
0.35561751399999997 0.5407284170000001 1.0
-0.127267999 -0.016663109 1.0
-0.866021378 -1.203302763 1.0
0.18907847 0.439938722 1.0
1.354050133 -1.292300355 1.0
1.31559495 0.31121251 1.0
-1.465330904 -0.787434465 1.0
-0.151536446 0.43095069399999997 1.0
0.003959527 0.008064627 1.0
0.184217587 0.01604341 1.0
-2.117942801 1.6404973809999999 1.0
-1.7003491780000002 -0.183227837 1.0
-0.583806278 1.3778619280000002 1.0
-1.585588819 -0.482191909 1.0
-0.48593142899999997 2.569182248 1.0
-0.43355207799999995 -0.206307314 1.0
2.101247643 -0.007375754 1.0
0.605678544 0.24969573 1.0
1.443013901 0.23780422399999998 1.0
2.312413067 1.548842558 1.0
0.579356123 0.024482576000000002 1.0
-0.029946272000000003 0.35318693700000003 1.0
-1.249046181 1.4270937369999999 1.0
0.483325839 -1.692362771 1.0
-1.565216243 -1.141112831 1.0
1.319855809 -1.124461049 1.0
0.10622268300000001 -1.389293574 1.0
2.393546745 1.0002465 1.0
-0.38037234200000003 -0.055431599000000005 1.0
-0.38538376399999996 1.208385491 1.0
-0.039553334 -0.219170985 1.0
-0.451779734 2.496160565 1.0
0.653048081 -0.291869692 1.0
-0.7572854720000001 1.4590508119999999 1.0
-0.16308144900000002 -0.547895347 1.0
-2.355721994 0.670457458 1.0
-2.0715600690000002 -0.7774961490000001 1.0
-0.412210129 -0.102559507 1.0
-2.8017765530000003 1.0254745159999998 1.0
-2.170728149 -0.09869227 1.0
-2.4636970959999998 0.045845517 1.0
1.17208039 2.591357223 1.0
-0.022649801 0.060518920999999996 1.0
-0.8052247990000001 2.311704675 1.0
-0.43304568 0.40628362700000004 1.0
1.185014455 -0.734509732 1.0
0.47424949 0.981211695 1.0
0.20865063399999997 -2.62846682 1.0
-1.661442729 0.9032627759999999 1.0
0.7663172970000001 0.6754688179999999 1.0
-0.23477674199999998 1.382482011 1.0
0.044809564 0.138393278 1.0
-1.538023586 1.821243618 1.0
-2.580960863 1.25734477 1.0
-2.0047387690000003 1.369058766 1.0
0.016578093999999998 0.359074568 1.0
-1.683805021 1.14523202 1.0
0.15914543 0.08787144 1.0
-0.42273806 0.013584545 1.0
-0.35138409 0.532848043 1.0
-0.528436342 0.115392329 1.0
0.562972505 0.123170722 1.0
-1.8386030930000001 1.31182651 1.0
-0.09214344099999999 -0.376299645 1.0
1.7003692590000001 0.509706095 1.0
0.130974365 1.4608875140000002 1.0
2.699559755 0.45958234200000003 1.0
-1.788335693 2.122627548 1.0
1.3807366209999998 2.0210617230000003 1.0
0.310727888 -1.035756339 1.0
0.66627198 0.658312668 1.0
-2.821601372 -0.090739746 1.0
0.56853838 1.158860435 1.0
-0.35951548200000005 -0.348126492 1.0
-0.207435311 -0.508101433 1.0
0.795547447 0.197053765 1.0
0.287602428 0.440797139 1.0
1.618841194 2.094809149 1.0
-1.991290875 -0.850998512 1.0
-1.2984909820000001 1.093020093 1.0
2.5881327830000003 -0.799470637 1.0
0.734397757 0.484487711 1.0
-0.590566379 0.0070102 1.0
-0.161969514 0.070331936 1.0
0.068224773 0.485903418 1.0
1.578698005 -2.357170779 1.0
19.22921147 21.03468116 0.0
19.19651628 20.53682134 0.0
19.69146271 20.5548133 0.0
25.89544776 25.29243409 0.0
22.98746954 29.29937011 0.0
13.71699371 25.05942696 0.0
29.01916822 22.87913965 0.0
15.31151734 25.56299458 0.0
19.90989276 20.618776699999998 0.0
21.67494358 19.995397699999998 0.0
24.51806734 17.49137607 0.0
14.81009183 22.89688705 0.0
20.39478989 19.91940099 0.0
16.24948127 16.70219435 0.0
18.71790714 18.08187299 0.0
10.64203839 19.90336845 0.0
20.46133219 10.72225477 0.0
18.94215898 22.03252891 0.0
13.60207603 22.93382419 0.0
17.06574376 13.25333507 0.0
18.18109222 26.83565455 0.0
20.43310912 20.03467606 0.0
18.5032424 26.32398705 0.0
18.6822656 25.55749393 0.0
23.54400807 22.06113976 0.0
21.36579056 20.54461816 0.0
26.82695242 22.57874064 0.0
18.63488405 18.27674883 0.0
18.34112676 19.19199418 0.0
19.57669746 26.99107877 0.0
17.67522887 20.39984912 0.0
13.23813604 25.02417586 0.0
19.11350721 16.99368372 0.0
12.6275462 23.06411883 0.0
24.11604451 27.93348857 0.0
18.04210957 19.161056600000002 0.0
15.37265134 20.67743822 0.0
21.30296287 23.68778306 0.0
19.94812209 14.51123079 0.0
14.51493134 20.97947252 0.0
20.64972726 20.35300358 0.0
21.12848565 23.74945284 0.0
20.09194294 16.58326019 0.0
18.94478617 25.87930395 0.0
19.02312938 20.88793922 0.0
19.32457671 22.60749176 0.0
21.64077412 26.14160776 0.0
19.77291796 25.61242892 0.0
24.63889844 23.56276917 0.0
14.87696776 21.58781026 0.0
23.68609841 14.75973685 0.0
17.32772364 22.4919328 0.0
20.1199923 24.09333094 0.0
22.49508228 23.00017427 0.0
14.44954738 19.75549168 0.0
20.0847442 19.966693399999997 0.0
19.15826936 22.64354205 0.0
24.69806115 20.22816944 0.0
20.07375977 20.93173577 0.0
15.5180565 23.28864214 0.0
21.26116683 23.21532588 0.0
13.37240072 26.77956196 0.0
18.333755899999996 23.682374499999998 0.0
27.64284315 22.78246623 0.0
18.04923814 10.432162 0.0
23.99009328 21.93148276 0.0
22.67565916 12.51775539 0.0
18.64059899 21.48342399 0.0
19.93403821 19.81691916 0.0
11.24263332 22.41466448 0.0
16.42623047 18.21468022 0.0
24.80156378 23.04668209 0.0
23.44937771 19.56901943 0.0
27.84235541 17.42946132 0.0
13.51296408 26.92281806 0.0
17.78045734 28.44041241 0.0
24.91641499 23.60141186 0.0
19.01530384 21.49533105 0.0
17.39615877 22.09544795 0.0
14.07471651 18.28512068 0.0
25.98173302 20.76040472 0.0
14.59129664 27.39626581 0.0
16.55115173 18.12372675 0.0
24.02101055 26.2034947 0.0
27.563288699999998 16.73141252 0.0
18.59764705 12.90997985 0.0
17.20400714 10.95145492 0.0
15.18325379 27.46704324 0.0
20.34652434 18.64368441 0.0
16.15667472 18.44700681 0.0
20.29423268 22.526275899999998 0.0
16.91033276 18.91322854 0.0
19.6324276 20.683364 0.0
10.754024099999999 22.85321881 0.0
20.15369493 19.97441977 0.0
26.53845344 20.09569744 0.0
22.037235100000004 19.61009217 0.0
19.96345674 18.88731565 0.0
11.122440699999999 18.71628843 0.0
17.34509187 26.52971337 0.0
23.56910205 27.14215452 0.0
23.73323629 11.07833201 0.0
12.78543138 20.81751945 0.0
24.36905364 24.96571134 0.0
17.28053851 23.27398918 0.0
20.66792775 20.00113725 0.0
18.40792905 28.21888495 0.0
18.96992929 20.40106188 0.0
20.28868485 19.95711076 0.0
28.52019937 21.54572283 0.0
20.3817008 20.21640823 0.0
18.69398749 23.63500416 0.0
14.37626949 20.89165264 0.0
13.90720695 25.73828059 0.0
19.33429016 21.23469772 0.0
22.98310368 17.85518164 0.0
18.82507521 20.52543452 0.0
19.89532337 20.12540002 0.0
14.17565595 18.14889632 0.0
19.23538758 20.54608212 0.0
11.66809152 22.44545486 0.0
26.27572381 17.19538077 0.0
20.79075594 13.45511221 0.0
17.37507404 21.33783495 0.0
15.131519 27.01886887 0.0
12.70570927 20.64594938 0.0
17.56112582 22.73272661 0.0
13.57534482 18.80746456 0.0
20.43777741 29.56484039 0.0
20.87073243 25.51794558 0.0
14.82641389 19.61917438 0.0
27.48096071 15.68734518 0.0
23.91730049 27.48469085 0.0
24.2832735 24.45878419 0.0
24.65435369 21.68802265 0.0
22.06078385 24.36567826 0.0
21.9228786 17.24697416 0.0
14.10001424 12.309476400000001 0.0
22.5522758 14.31953794 0.0
20.16382639 19.18806123 0.0
23.576362 10.76841624 0.0
27.91373259 22.3998686 0.0
13.47619826 25.34570585 0.0
19.51146108 20.48839919 0.0
16.94964696 12.73479776 0.0
23.56079589 22.56798455 0.0
23.43617044 21.29081622 0.0
20.65585151 22.4892965 0.0
20.18660309 25.62112136 0.0
22.87184691 18.81643573 0.0
11.80144131 20.53740106 0.0
25.98024316 21.38606555 0.0
22.35060664 25.48703935 0.0
13.69164682 23.03538669 0.0
18.43456993 22.7025163 0.0
20.33285651 27.00872263 0.0
17.71279331 17.15702198 0.0
21.45762195 22.44973295 0.0
19.32471357 21.40207722 0.0
19.32909563 20.60850207 0.0
13.33497647 23.46492783 0.0
26.02031103 22.90930822 0.0
19.93824172 20.78259632 0.0
27.34996308 16.19178231 0.0
15.204216800000001 15.36947812 0.0
17.27026785 11.44133591 0.0
26.48384042 20.63819683 0.0
11.314377 18.72753926 0.0
22.32483159 15.12984409 0.0
16.6882497 20.56350146 0.0
15.65340305 18.98282367 0.0
18.84247445 19.73779219 0.0
27.09797041 17.85507722 0.0
12.12373186 16.44977295 0.0
27.41288085 15.98759669 0.0
15.60335136 26.80502101 0.0
20.0013692 19.99929834 0.0
24.40563909 20.99294214 0.0
19.89302117 28.74467622 0.0
23.43927601 18.15237291 0.0
20.31142223 20.33049774 0.0
12.58918669 18.61095477 0.0
25.76417306 26.46839039 0.0
17.32620301 25.62994843 0.0
21.43593294 16.910832100000004 0.0
18.76589127 21.14557727 0.0
11.63384909 20.03377253 0.0
13.42324541 22.31411478 0.0
20.93918001 19.25991821 0.0
25.92205215 16.30832389 0.0
25.04404566 26.00401568 0.0
14.93491527 26.70011765 0.0
12.36748736 14.32811999 0.0
16.76123135 22.77486434 0.0
23.68975828 26.54839688 0.0
24.38688162 28.04067029 0.0
20.26304083 25.71178951 0.0
10.86732633 18.813489800000003 0.0
19.5411698 19.72041038 0.0
22.78243447 18.71086885 0.0
17.68870373 26.79952364 0.0
17.14079946 25.02680275 0.0
23.292474399999996 25.11908848 0.0
18.391804999999998 21.61793092 0.0
26.51527388 21.32426132 0.0
22.00497993 23.55281785 0.0
19.97461881 19.21356201 0.0
19.99767805 19.99943762 0.0
20.25636994 20.24489121 0.0
16.44771977 20.63250643 0.0
14.38793161 26.839378999999997 0.0
29.44384935 18.08270702 0.0
22.87893196 10.44116855 0.0
21.44707719 24.60599583 0.0
16.49381822 19.85380525 0.0
26.34979369 20.70492302 0.0
11.2184315 24.57511679 0.0
20.77436461 28.13665133 0.0
19.55749119 19.81975799 0.0
18.82318821 21.68872818 0.0
18.83412939 10.45166259 0.0
20.99148992 19.71963457 0.0
17.44440208 28.35704167 0.0
25.53677781 26.83207891 0.0
23.70750378 26.77224727 0.0
24.53647305 18.25343196 0.0
19.2368073 20.35243248 0.0
17.26001853 18.81386567 0.0
21.90548989 20.43754029 0.0
24.03764215 24.9748845 0.0
11.92017436 24.45525978 0.0
29.35892829 19.13371694 0.0
28.06965895 23.94351675 0.0
22.07113518 15.75591988 0.0
19.21023535 10.59415147 0.0
20.13668694 22.13701545 0.0
18.51840416 25.75768936 0.0
19.37538036 20.53030665 0.0
20.76343141 19.78992386 0.0
13.20029527 27.26718476 0.0
10.40176648 20.66180681 0.0
15.36261708 18.990548399999998 0.0
20.08879878 19.35935751 0.0
18.29855458 24.32509849 0.0
22.69959607 19.03959369 0.0
21.752438899999998 28.94840252 0.0
14.04291093 21.28184248 0.0
18.39374591 21.39362481 0.0
19.50675472 21.76595652 0.0
17.89682334 10.7766403 0.0
26.36319178 21.38519013 0.0
19.99155071 19.97341973 0.0
23.29139838 24.51832788 0.0
13.20301273 23.17399525 0.0
15.33918093 25.26358062 0.0
25.12916107 21.70301888 0.0
22.82919178 20.29764487 0.0
17.512196 18.574476100000002 0.0
17.92389724 23.94385149 0.0
20.86200682 20.76279245 0.0
26.23956682 25.62140824 0.0
23.97280285 21.88929515 0.0
12.0171587 16.75595928 0.0
19.99495155 20.04519935 0.0
23.49173179 22.38368987 0.0
15.67508964 25.8255894 0.0
20.05573274 18.49603686 0.0
21.78590671 23.09332148 0.0
16.52806498 11.26186635 0.0
19.86910441 18.574277399999996 0.0
19.82780466 17.90971558 0.0
22.8399592 27.522669800000003 0.0
12.74601962 18.33128758 0.0
18.13165744 25.92237363 0.0
16.24806238 20.47044937 0.0
11.263636300000002 20.13789273 0.0
16.5412104 20.67772395 0.0
12.10908046 21.40978311 0.0
22.49399386 20.21410697 0.0
26.71012389 18.52823976 0.0
18.57489114 20.566576899999998 0.0
16.19794834 21.65917451 0.0
18.30646173 21.176060699999997 0.0
17.67912193 17.14901408 0.0
15.13590597 25.34125365 0.0
19.25771615 17.94789026 0.0
21.19904953 12.91085669 0.0
21.17564032 27.54003384 0.0
14.18857957 27.68720448 0.0
21.28867636 21.81253805 0.0
16.80610241 21.05207365 0.0
20.01379057 28.87860909 0.0
22.04579707 24.91045695 0.0
21.95492657 25.57216615 0.0
21.19020865 24.20950356 0.0
19.60174818 19.20440147 0.0
19.56448745 21.24526265 0.0
23.28824901 11.78969215 0.0
23.79733038 16.51411942 0.0
25.35279145 27.63004204 0.0
22.4434866 15.471114300000002 0.0
22.08042798 21.56727058 0.0
13.84323686 25.97870178 0.0
19.45628249 20.75311346 0.0
11.13082566 24.07066509 0.0
18.48174633 21.15994571 0.0
19.79701285 20.22495684 0.0
28.81750569 20.82533664 0.0
12.28642419 25.2440134 0.0
23.74405133 20.86738028 0.0
17.54221093 19.16363079 0.0
19.979661 18.881771899999997 0.0
18.23934854 22.76462371 0.0
22.76416572 23.53560573 0.0
29.38116859 19.18901654 0.0
12.27883153 20.55189914 0.0
19.13408604 18.70395205 0.0
12.70139764 25.99503348 0.0
20.15927137 19.8516427 0.0
16.73951031 19.34685903 0.0
20.01777149 19.93288874 0.0
22.41052838 22.20633566 0.0
23.96203606 21.62214745 0.0
20.07654538 19.81759761 0.0
24.09764794 26.92668842 0.0
22.82377784 13.40426452 0.0
14.39865589 23.70291357 0.0
20.55110473 26.718181800000004 0.0
15.66173315 22.85934014 0.0
24.11630866 16.39366501 0.0
15.03986194 21.39450069 0.0
23.48104991 15.21139596 0.0
18.42654829 24.57512623 0.0
20.22495862 20.26534383 0.0
22.39521939 23.90462847 0.0
11.04644275 17.88618433 0.0
19.06216936 20.02106513 0.0
18.36021048 16.90717714 0.0
19.16894486 19.69249692 0.0
19.70754226 24.54082733 0.0
21.76658691 12.29662279 0.0
28.56583517 19.18883612 0.0
21.04160876 21.6222374 0.0
20.54449376 13.63504346 0.0
18.79623839 20.81226876 0.0
14.272944699999998 25.75812408 0.0
22.88957551 28.13414648 0.0
20.48717037 20.68007856 0.0
27.15278298 23.29464655 0.0
23.75222941 28.46105297 0.0
15.99141907 22.5374211 0.0
20.69484579 24.69100788 0.0
20.0967674 17.29587956 0.0
19.37213569 21.27095557 0.0
16.37335941 21.00110394 0.0
21.71850403 13.82605789 0.0
19.70747842 20.28396392 0.0
18.57285142 25.83172153 0.0
24.32029444 18.76707269 0.0
15.50868547 19.69378525 0.0
15.311131699999999 23.86120304 0.0
22.58695603 25.38938856 0.0
21.12527593 22.70220324 0.0
16.37245917 19.55953699 0.0
20.58085878 19.68818931 0.0
18.47339182 23.02979372 0.0
24.97515786 26.21969904 0.0
19.86330707 20.32980683 0.0
19.33620573 21.16570258 0.0
19.37356527 20.08274195 0.0
12.01406141 19.39795589 0.0
16.86545702 18.62944607 0.0
13.16112894 21.19286734 0.0
19.57563026 20.19454933 0.0
21.89488492 20.00530699 0.0
21.28009679 20.55361275 0.0
19.00845712 14.34882843 0.0
19.92510559 20.66461713 0.0
19.31284841 19.74086501 0.0
17.48461263 17.24832348 0.0
25.94944089 25.01697457 0.0
18.29692474 28.26267237 0.0
19.00906093 24.50160409 0.0
20.15840783 20.87527743 0.0
24.35559841 26.51979363 0.0
20.38203213 29.55218945 0.0
18.31106271 17.29457912 0.0
17.59586759 17.05299778 0.0
16.13947006 26.75593348 0.0
17.83549115 18.63669675 0.0
22.66527245 20.77457636 0.0
14.91114276 22.25336142 0.0
13.58243118 22.26180058 0.0
25.20076441 21.9727424 0.0
16.87924029 21.98002325 0.0
15.05357952 28.00543887 0.0
14.320998399999999 19.451970499999998 0.0
17.3003945 21.33833118 0.0
19.03605816 20.35333699 0.0
22.40141296 24.87783502 0.0
13.64358752 20.64809829 0.0
15.84309577 21.27670133 0.0
27.76280692 24.37646318 0.0
15.68173309 19.90667288 0.0
19.91398982 19.95512797 0.0
16.66689944 21.96889752 0.0
19.71523495 15.29294115 0.0
28.08697186 18.22118061 0.0
24.68753073 26.13873365 0.0
19.21575082 20.98820408 0.0
24.64455403 28.39733724 0.0
19.071842899999996 24.3784849 0.0
21.89397666 23.37574568 0.0
26.44420449 15.04397008 0.0
13.16649718 13.14118147 0.0
24.401286 15.59396686 0.0
18.95207753 20.96530852 0.0
11.84491049 14.44342389 0.0
12.57971707 19.62407136 0.0
18.36957762 19.09337293 0.0
11.47475021 19.29383926 0.0
14.60926958 20.06169459 0.0
17.83823028 25.12995554 0.0
19.89480585 20.95917597 0.0
17.54992131 20.69531547 0.0
19.70919645 20.52126146 0.0
17.98305871 15.8349891 0.0
16.04019652 17.542676800000002 0.0
17.5791412 22.34084808 0.0
11.92177749 20.21528247 0.0
20.66850329 22.78278269 0.0
21.12871891 27.54786798 0.0
17.88096441 29.76733845 0.0
18.18353216 20.37679284 0.0
19.878403100000003 20.83840505 0.0
18.27401422 24.859523100000004 0.0
12.15130964 21.69702633 0.0
11.88438424 24.80215134 0.0
19.958002399999998 22.69323757 0.0
14.80069613 21.46808309 0.0
16.723448 11.31742965 0.0
19.91178391 19.73667138 0.0
18.50798182 26.16971999 0.0
13.23071455 16.74666641 0.0
22.04744202 22.52537144 0.0
18.13744725 28.63091159 0.0
27.36079176 24.39599499 0.0
13.93302006 25.8566978 0.0
13.19903238 20.6269365 0.0
19.45512775 20.30739221 0.0
22.22330354 13.37131305 0.0
20.07865485 21.40132689 0.0
18.15165251 18.7118392 0.0
17.583037899999997 17.30581375 0.0
27.95642985 24.98382713 0.0
18.08060009 20.36038631 0.0
26.62519109 16.82607364 0.0
18.69231379 26.89010061 0.0
15.13795413 14.93958576 0.0
13.58436833 21.28342431 0.0
19.19576629 22.65625198 0.0
20.77003614 16.21119414 0.0
26.49482098 17.8659323 0.0
23.58522564 28.77511606 0.0
21.32349801 22.25641773 0.0
14.39654156 17.57476218 0.0
11.37849078 16.1660789 0.0
19.64273549 21.99741375 0.0
21.83444143 13.92653592 0.0
21.11526468 20.73341313 0.0
16.52287835 17.374681600000002 0.0
13.44939871 20.25263861 0.0
12.08452821 18.52237068 0.0
22.42660976 24.31571083 0.0
17.08727165 21.51844628 0.0
14.709418099999999 21.58645274 0.0
18.22543696 20.69781476 0.0
11.32980368 17.74061337 0.0
19.98622114 19.99886787 0.0
25.57035863 26.24220144 0.0
22.105272199999998 17.84794231 0.0
18.31383312 18.73818269 0.0
21.50039097 18.69825941 0.0
21.55746092 26.53797403 0.0
21.65096155 23.12263314 0.0
21.60128938 20.53906104 0.0
21.53879826 22.1059807 0.0
27.05074439 16.61457477 0.0
13.50925098 18.95233765 0.0
21.72619108 11.97505392 0.0
22.90382697 20.122451899999998 0.0
17.04236594 12.70779207 0.0
19.24378153 19.60910961 0.0
23.97702769 15.25814145 0.0
18.02602257 27.4620723 0.0
26.00385649 24.77202276 0.0
18.72184544 24.65548194 0.0
14.702992199999999 27.08279075 0.0
22.71813981 20.93626018 0.0
23.90947352 22.21259836 0.0
18.47330354 20.49715805 0.0
22.512576899999996 22.5855435 0.0
25.84897182 20.08310445 0.0
19.99979474 20.00473349 0.0
18.14088787 22.71929093 0.0
26.75454473 17.97379789 0.0
22.47471515 16.16516362 0.0
17.25654358 21.09807712 0.0
16.10301745 21.20378049 0.0
24.74606629 21.26231869 0.0
19.77474569 22.74526459 0.0
17.6527539 20.99084232 0.0
21.00476956 19.7079014 0.0
23.95108863 24.49118016 0.0
22.53782937 23.39661808 0.0
17.66273531 25.13371567 0.0
17.56135708 19.17127186 0.0
20.3234651 23.46385029 0.0
19.65877358 20.25192411 0.0
26.70883371 24.16809113 0.0
14.40092333 16.98543689 0.0
17.61452954 22.38305316 0.0
20.30744073 19.756076500000002 0.0
20.27116716 23.95288857 0.0
15.51953824 22.53724771 0.0
19.84079952 20.41692085 0.0
21.62016005 13.12145543 0.0
20.9048573 17.47996698 0.0
28.24028663 20.02957473 0.0
19.03843228 21.39855789 0.0
12.60706984 19.8542137 0.0
27.00500808 16.66346703 0.0
19.35236855 27.42361644 0.0
27.62894662 14.89990438 0.0
18.85725905 18.57008442 0.0
20.93723595 20.74455891 0.0
10.5513399 18.48046538 0.0
19.63837345 26.22130905 0.0
11.98226175 21.4284392 0.0
20.12210543 23.52453727 0.0
23.99300767 17.80277165 0.0
14.14469733 23.43758644 0.0
17.12475134 14.44484596 0.0
15.24632454 19.34150336 0.0
13.80940007 18.6801846 0.0
20.04881766 20.32990016 0.0
20.02320481 23.3992482 0.0
24.57947715 16.60350884 0.0
16.21260201 17.78974635 0.0
25.39650721 17.90076901 0.0
13.17819587 19.67203012 0.0
24.99268975 18.05756561 0.0
28.42978274 23.66541203 0.0
17.74590587 25.39387565 0.0
13.35512967 18.86115575 0.0
17.8804354 25.531478399999997 0.0
11.33312471 18.67226622 0.0
17.41732968 16.14563845 0.0
17.56432123 14.94066792 0.0
19.98697151 20.00710388 0.0
20.06438873 26.87857506 0.0
19.71297374 19.79716767 0.0
20.80670073 22.59541687 0.0
15.29199397 15.58613935 0.0
18.21137573 27.01423549 0.0
20.11259229 20.2393842 0.0
12.97548085 22.805363399999997 0.0
18.44150679 24.41641319 0.0
16.47056685 21.92064741 0.0
20.672760399999998 21.72293801 0.0
21.20460696 13.83487833 0.0
17.26721104 18.27333648 0.0
13.50664717 14.777092800000002 0.0
19.83884767 20.21634653 0.0
14.05201211 27.45211027 0.0
18.08001812 12.897848 0.0
23.66382064 13.964774499999999 0.0
13.95127413 25.43580653 0.0
24.85903856 20.69534857 0.0
10.4885108 17.32434029 0.0
21.44791706 22.69302789 0.0
20.02120114 16.38995201 0.0
18.45126096 20.61203546 0.0
22.49166261 21.533229300000002 0.0
20.43352006 19.4267937 0.0
24.63824186 28.03605265 0.0
15.88761164 21.92806536 0.0
14.92800863 21.84575458 0.0
24.25598169 27.83410478 0.0
24.73101722 18.30872158 0.0
18.552196399999996 16.56452463 0.0
16.13382614 13.1748633 0.0
20.00685364 15.62650247 0.0
23.89912478 20.09203863 0.0
11.16945646 23.86976226 0.0
21.48309262 14.410474300000002 0.0
17.75205352 17.69476736 0.0
20.18261936 11.19462192 0.0
18.51331702 20.84799475 0.0
15.16945444 27.50647725 0.0
15.46730894 22.89592946 0.0
19.63200258 21.41019425 0.0
22.51372506 23.35421808 0.0
24.15628142 26.71522307 0.0
19.35774205 26.99888783 0.0
23.3502565 26.50444768 0.0
21.898645300000002 23.78262272 0.0
20.52591174 21.20275024 0.0
17.21929334 16.56337154 0.0
19.75393369 21.26795012 0.0
21.43144787 28.4612656 0.0
15.42961903 17.06097556 0.0
21.55359227 20.28970531 0.0
17.68366844 18.58119596 0.0
21.78650766 20.72191968 0.0
19.79995424 26.74818656 0.0
23.5258205 17.64015521 0.0
16.78272898 18.34549054 0.0
25.47094977 25.96658482 0.0
12.41465301 23.14069749 0.0
19.51485799 25.840776 0.0
19.75288036 20.09343349 0.0
22.90048406 22.00252246 0.0
17.09166732 19.66101942 0.0
22.79438824 22.05948232 0.0
20.939550600000004 25.16795706 0.0
19.22345349 10.25664066 0.0
16.1612451 25.00336663 0.0
19.66884267 28.82383373 0.0
18.64260929 27.06227449 0.0
20.26499855 15.13285971 0.0
23.29775803 27.92607952 0.0
19.03951779 20.11578279 0.0
13.09483326 13.715482199999999 0.0
19.87455466 20.0635093 0.0
19.10241506 29.42706104 0.0
22.81483011 20.41290296 0.0
21.16450684 20.06868999 0.0
20.73886104 20.90970921 0.0
11.096398800000001 22.70902923 0.0
14.31254632 22.70776674 0.0
25.99266238 23.92646282 0.0
17.31252537 24.53379461 0.0
19.67425154 18.65913601 0.0
22.18397508 22.24103396 0.0
21.88018789 20.21816656 0.0
17.10836885 27.75198639 0.0
27.37605934 18.27466849 0.0
26.06987875 23.41413271 0.0
17.4014495 22.73304289 0.0
20.76964772 12.14074665 0.0
25.38563594 19.37494137 0.0
21.82919526 29.38772491 0.0
19.87366615 20.01788267 0.0
15.90791329 23.21355268 0.0
17.90302773 24.54824453 0.0
25.05391868 14.51825851 0.0
23.75612106 22.85322526 0.0
22.31038794 28.95362103 0.0
20.8526125 20.29254419 0.0
28.09943796 18.02529629 0.0
19.75435877 20.66475724 0.0
12.62038398 20.08760707 0.0
21.3547755 20.00718531 0.0
21.03969045 12.8265834 0.0
18.10314947 21.13732865 0.0
25.86003766 20.6473105 0.0
15.87597092 16.72056299 0.0
24.13950049 22.53213139 0.0
20.38827329 28.87172806 0.0
18.97648743 27.69304379 0.0
16.44187451 16.97925894 0.0
21.31188843 22.20514016 0.0
10.81519755 22.55679492 0.0
10.92438328 21.96752031 0.0
18.04732421 22.37333056 0.0
13.03697145 23.08245943 0.0
19.353543 21.5455687 0.0
14.68947337 26.21352392 0.0
23.81219261 11.884168699999998 0.0
24.61123316 16.27284255 0.0
19.50161331 12.20386495 0.0
18.15269148 24.53217198 0.0
19.15845871 19.30331158 0.0
21.99958688 21.78128784 0.0
28.02901354 21.86328627 0.0
19.97669117 20.08632583 0.0
23.13790087 16.83367886 0.0
26.23880412 24.73749457 0.0
15.53704952 24.87691553 0.0
23.63195654 25.41791209 0.0
26.63938547 20.58140212 0.0
20.00851952 19.96982306 0.0
25.56436698 24.474422399999998 0.0
19.8518079 19.64784324 0.0
24.14431898 24.90673897 0.0
17.08778674 28.0499468 0.0
25.66821329 24.99630422 0.0
23.13183054 22.32383246 0.0
21.89788192 23.44273061 0.0
13.12834119 23.10783323 0.0
17.2189387 26.98862934 0.0
19.54346552 19.02443454 0.0
23.88469426 23.38778052 0.0
19.34451216 19.4833605 0.0
18.51337143 12.72311066 0.0
13.28244096 16.50206297 0.0
17.27263186 23.36869945 0.0
14.33160318 19.99991557 0.0
25.41218528 16.92823899 0.0
20.89240183 16.77667137 0.0
23.68130019 15.89369397 0.0
11.35677167 18.04992863 0.0
12.06823425 16.27014818 0.0
19.36809383 16.63061844 0.0
20.56067769 21.78096941 0.0
20.00020176 26.36082319 0.0
21.95480435 20.97366461 0.0
21.30005958 21.4771197 0.0
19.60579507 18.84635985 0.0
16.8905233 21.34205013 0.0
12.76152404 19.20178186 0.0
18.80695566 21.494576300000002 0.0
24.631861100000002 16.51981737 0.0
26.15508411 23.07243527 0.0
26.09814558 27.02455947 0.0
20.25049214 20.18459235 0.0
19.76679952 14.49429924 0.0
23.12072807 23.67906606 0.0
25.60875323 22.44647864 0.0
18.92657842 20.78956864 0.0
19.69313264 20.65580274 0.0
23.0615758 21.85850541 0.0
20.73788002 22.752185 0.0
20.0656072 23.96494472 0.0
12.80111489 18.92066472 0.0
19.42976584 20.10119228 0.0
24.44457416 23.22900847 0.0
16.64834849 13.36124692 0.0
19.66384657 14.4000275 0.0
19.02614834 11.93276767 0.0
20.85344922 19.92145899 0.0
12.45035795 23.28714492 0.0
22.31606391 20.42722205 0.0
18.48241525 18.69798537 0.0
16.56939609 22.80429191 0.0
24.23335734 23.09065064 0.0
17.54655043 21.53632516 0.0
27.72857647 14.81971993 0.0
28.716607699999997 15.7157225 0.0
8.890923765 6.792684467999999 0.0
4.029236687 21.38870354 0.0
19.02520888 5.589205949 0.0
16.32344331 32.96465585 0.0
4.762649164 17.86495875 0.0
34.82985527 15.20497331 0.0
5.199709712 22.1210237 0.0
10.46003764 27.00922856 0.0
24.09141988 4.055025624 0.0
2.2996520719999998 15.71039477 0.0
-0.118133845 11.35284849 1.0
32.47096895 10.10406324 0.0
26.98766818 33.46415903 0.0
25.29268492 10.84732151 0.0
-3.0634782460000003 8.703946582999999 1.0
33.43208647 6.863241065 0.0
11.17139085 31.48476428 0.0
-3.572774325 12.28795563 1.0
26.00402474 30.58396899 0.0
24.30892869 -4.811676843 0.0
-4.722072016 22.34388744 0.0
7.989718867000001 -3.38094716 1.0
-3.874732442 27.05274288 0.0
2.942118663 -2.6320895369999997 1.0
2.874678867 31.644688399999996 0.0
32.33341536 3.847084288 0.0
22.21648064 30.7980918 0.0
7.650162382 20.62010124 0.0
8.637059545 -1.824254515 1.0
27.09711254 10.29218934 0.0
32.56352642 26.98005249 0.0
-3.172944505 19.45715914 0.0
-2.587187877 5.448405761 1.0
3.699507425 30.45630118 0.0
4.060291005 20.00468512 0.0
11.54188122 31.46388224 0.0
20.92187379 5.299063697 0.0
6.712023447999999 24.47827758 0.0
29.03046565 -4.320970559 0.0
4.052718412 -1.49928485 1.0
22.86539593 5.909237321 0.0
25.8441471 33.35714188 0.0
33.43746764 31.83914079 0.0
