-1.998987406 2.50627575 2.0
-4.757633567 0.828110327 2.0
-2.70074048 2.5060249580000002 2.0
-3.313384001 2.26151215 2.0
-0.358940925 4.643362852 2.0
-3.279012177 2.090437965 2.0
-0.7771559729999999 4.29820605 2.0
-1.795931004 3.173661746 2.0
-3.45791292 1.7916564119999998 2.0
-0.063336553 5.006173075 2.0
-0.068218595 5.424670208999999 2.0
-3.991681692 0.953050669 2.0
-4.35542844 0.698767595 2.0
-1.319862956 4.056323205 2.0
-3.987175745 1.59097098 2.0
-1.891828188 3.187077613 2.0
-2.128581968 2.471086522 2.0
-2.434053179 3.06852411 2.0
-0.146362209 4.848496438 2.0
-3.3336723910000003 2.366417594 2.0
-1.9628017919999998 3.05865272 2.0
-1.336819301 3.83326702 2.0
-3.774209052 1.610779325 2.0
-3.138640982 1.223943222 2.0
-3.3315415610000003 1.788323764 2.0
-0.589171905 3.664089017 2.0
-4.532132468 0.021447781000000003 2.0
-2.4475444619999998 2.342339619 2.0
-4.529206903 1.0801656259999999 2.0
-1.8667287609999998 3.59618393 2.0
-1.088753295 3.93598628 2.0
-1.672596138 3.67372673 2.0
-4.6584834619999995 0.233836463 2.0
-0.940794455 3.74934264 2.0
-4.289375913 1.338294911 2.0
-2.245203996 2.588338088 2.0
-4.022133935 0.2487337 2.0
-1.128496337 3.600099596 2.0
-3.333437155 1.536079901 2.0
-2.508029643 2.735704825 2.0
-2.580979706 1.786292791 2.0
-4.739163176 0.896637268 2.0
-0.047453889000000006 4.275278576 2.0
-4.944307406 0.044988778 2.0
-1.896767153 3.376201378 2.0
-4.141400796 2.057941687 2.0
-4.017905185 1.196936788 2.0
-2.451795668 2.80065883 2.0
-4.750786655 0.448400936 2.0
-4.035108988999999 1.4362840159999999 2.0
-1.7541187269999998 3.361592116 2.0
-4.427694407 0.6210297779999999 2.0
-4.683843143 0.804399502 2.0
-0.854080738 4.533262747 2.0
-3.9154995089999995 0.7930016 2.0
-4.103230627 1.860149854 2.0
-0.644279843 4.442216808 2.0
-2.9676527999999998 2.500701102 2.0
-3.6146468830000003 1.454539808 2.0
-2.318096078 2.056847147 2.0
-4.289438797 1.443685546 2.0
-1.903235646 3.3077229480000003 2.0
-1.595541928 3.5821048589999998 2.0
-1.088254181 3.7773550160000005 2.0
-3.8018680110000003 0.8514010040000001 2.0
-1.84029677 2.391728643 2.0
-1.9078552290000002 3.29739374 2.0
-3.9871227119999997 1.315201288 2.0
-2.478440175 2.364051466 2.0
-0.008449701 5.273451405 2.0
-2.2963366130000002 2.408625673 2.0
-1.14968691 4.199003927 2.0
-0.7551791240000001 3.8454102860000003 2.0
-4.044804134 0.892422046 2.0
-2.11831519 3.48149634 2.0
-2.179722827 3.3754839389999995 2.0
-2.161517674 2.414882086 2.0
-0.499221287 3.8285480360000004 2.0
-4.297247732 0.38464829799999994 2.0
-1.7430150119999999 2.913237773 2.0
-0.641277543 4.35023549 2.0
-2.745088708 2.819800378 2.0
-2.424747272 2.267295901 2.0
-4.936956099 0.218029417 2.0
-3.485868047 2.196001904 2.0
-2.086862182 3.273115991 2.0
-0.74127826 3.850827244 2.0
-2.603970825 2.706522927 2.0
-2.6431295880000003 3.015484485 2.0
-2.67088088 2.509022516 2.0
-4.622264769 -0.437439168 2.0
-1.007815116 4.8936180810000005 2.0
-4.120352843 0.17222992199999998 2.0
-1.917053 2.669489095 2.0
-0.13700965699999998 5.484996602000001 2.0
-3.1183424360000003 1.026310126 2.0
-4.327992087 -0.021416902999999998 2.0
-0.190888615 4.3774005680000005 2.0
-3.9825438810000002 0.7625468000000001 2.0
-4.528988978 0.561520738 2.0
-2.3276130680000002 2.8478283980000003 2.0
-2.965935185 1.182862355 2.0
-3.68057678 0.78973511 2.0
-0.626668021 4.24742193 2.0
-4.987810918 -0.373806806 2.0
-4.9967717789999995 0.419034205 2.0
-4.282485009 0.9233629940000001 2.0
-0.593051843 4.746818768 2.0
-3.7410260560000004 1.356117229 2.0
-4.2088521519999995 0.657312346 2.0
-1.648284892 3.927684169 2.0
-4.173394439 0.366036728 2.0
-3.742638312 1.424381809 2.0
-0.9171197529999999 5.37916224 2.0
-3.0053682810000004 2.423848598 2.0
-1.133532049 4.227181257 2.0
-4.145873293999999 1.103554277 2.0
-2.099123161 2.8807742380000003 2.0
-3.119906168 1.159441276 2.0
-0.055165282999999996 4.390975715 2.0
-3.0905399630000003 2.13553081 2.0
-0.5011478739999999 4.447936905 2.0
-2.18461312 3.053860807 2.0
-3.4089346330000003 2.143512451 2.0
-4.373314758 0.621503817 2.0
-4.821044495 0.513867874 2.0
-4.943549433 -0.38440442 2.0
-2.8459175039999995 1.7538563669999998 2.0
-3.1312612489999996 1.424053749 2.0
-1.3407868459999999 4.003621146 2.0
-0.28834599 5.571345247999999 2.0
-0.030030045 4.5260488180000005 2.0
-3.4656344519999998 1.070823763 2.0
-2.481340761 3.2927777860000003 2.0
-0.638678599 4.073175463 2.0
-0.140367914 6.0985146089999995 2.0
-4.7704683260000005 -0.251443562 2.0
-1.069827944 5.061810035 2.0
-2.442373763 3.093109432 2.0
-0.32616136 4.824563663 2.0
-4.447743275 0.562949579 2.0
-2.087678537 3.0254009010000003 2.0
-1.60957033 3.0867470160000003 2.0
-0.289903709 5.322215262 2.0
-0.731075411 3.979814638 2.0
-3.793254618 0.960191707 2.0
-1.651494461 2.345960067 2.0
-3.536693455 1.7499023480000002 2.0
-3.11148267 1.5238049569999998 2.0
-3.413567422 1.625260839 2.0
-3.5276282999999995 1.6115509890000002 2.0
-1.604382716 3.8618168460000004 2.0
-4.218552713999999 0.168018315 2.0
-4.854033878 -0.46434934299999997 2.0
-3.036362462 1.298586171 2.0
-4.374808989 0.682440501 2.0
-0.105211891 4.535856285 2.0
-2.6950220089999997 1.35964498 2.0
-3.2619701410000004 2.353933411 2.0
-2.136377225 2.852321533 2.0
-3.728607035 1.325909273 2.0
-4.1825950910000005 1.26691762 2.0
-3.324846183 1.9301133169999998 2.0
-3.8136205239999996 1.384802745 2.0
-4.150179554 0.538497685 2.0
-3.655091474 0.976691229 2.0
-1.147775905 3.25072963 2.0
-4.782972203 0.09942775300000001 2.0
-2.257021934 2.6737770430000003 2.0
-3.2031739110000004 2.023795953 2.0
-3.2332914039999996 1.9618223019999999 2.0
-2.901437498 1.8957047269999998 2.0
-0.808131985 4.3747496560000005 2.0
-2.668714985 1.9907316819999998 2.0
-0.616284437 4.486512793 2.0
-2.310842352 3.5871241389999997 2.0
-3.710302975 1.8443906069999998 2.0
-3.535238985 1.5537568000000002 2.0
-4.981955112 0.245932395 2.0
-0.13604107 5.45122017 2.0
-3.520845118 0.751054483 2.0
-0.47305561700000004 4.1460789060000005 2.0
-0.669462 3.77984527 2.0
-3.5988822939999996 1.4398348719999998 2.0
-1.9487283359999998 3.0556140939999996 2.0
-4.5852803380000005 1.168997504 2.0
-3.653903152 1.065671767 2.0
-1.898432923 2.635984401 2.0
-2.350247988 2.658185834 2.0
-2.680317932 2.973820992 2.0
-3.085541042 1.315625263 2.0
-2.124511525 2.7779778060000004 2.0
-4.027941863 1.182352041 2.0
-2.064548784 1.992025076 2.0
-1.225113865 3.639599208 2.0
-2.873387738 1.332178459 2.0
-2.011883995 2.320513263 2.0
-0.312234034 4.652192808 2.0
-2.343205105 3.0580004030000003 2.0
-3.4386591889999996 1.623020109 2.0
-0.276720969 5.68204191 2.0
-0.14650722800000002 5.825512713999999 2.0
-3.984184796 1.042641237 2.0
-3.938803754 1.1607649740000001 2.0
-1.3287598859999998 4.049555375 2.0
-2.473877587 2.638991507 2.0
-3.958533932 0.108760446 2.0
-1.125464085 3.5916871930000003 2.0
-1.681682619 2.4425367469999997 2.0
-3.411600242 1.573540348 2.0
-0.76071234 4.685894566 2.0
-0.676023444 5.276372589 2.0
-1.8469427630000002 3.520007371 2.0
-1.004174288 3.4626961019999998 2.0
-2.83880514 3.407257281 2.0
-2.9764879019999997 1.7993682619999998 2.0
-3.987586742 0.487583035 2.0
-2.2360544140000003 3.0763810780000003 2.0
-2.285758156 2.9073630980000003 2.0
-4.593870713 0.5569952229999999 2.0
-0.600865179 3.671131571 2.0
-2.377667708 3.81722001 2.0
-3.0160041719999997 2.251826612 2.0
-4.729852168 1.380720621 2.0
-0.34537729 4.267705765 2.0
-1.5275246919999999 2.835980081 2.0
-3.681186186 2.347798525 2.0
-2.9875673330000003 2.079733359 2.0
-4.845006116 1.304510646 2.0
-0.084971145 5.552830092000001 2.0
-3.806160488 0.9999993490000001 2.0
-1.5736750080000002 2.89577372 2.0
-1.278814769 3.15497652 2.0
-2.541427211 2.183344833 2.0
-3.8167049060000005 1.542463124 2.0
-2.625076831 1.7322865680000001 2.0
-2.396358299 1.4318219540000001 2.0
-3.9165871780000003 1.143922928 2.0
-4.33515455 0.653960874 2.0
-2.648577236 2.459152999 2.0
-1.864818598 3.233249095 2.0
-2.691809075 2.8169054680000003 2.0
-3.2215640339999996 1.474385584 2.0
-0.595583236 4.449581588 2.0
-1.957286412 2.120827345 2.0
-0.063718382 5.388183677000001 2.0
-1.984476736 4.151903991 2.0
-3.663194745 1.615669042 2.0
-0.010472201 0.434224251 0.0
-3.104245048 -3.3597317010000003 0.0
1.6973517 1.6572429869999998 0.0
-2.86164098 -1.800106925 0.0
-3.196839045 -3.323594069 0.0
0.8826850890000001 1.38649563 0.0
2.006875686 2.472966696 0.0
4.645048925 4.973237098 0.0
-0.371527891 0.123635776 0.0
1.0028965029999999 1.730736745 0.0
2.57885938 2.905623505 0.0
4.846438742 4.816291325 0.0
4.025204624 4.007641293 0.0
-2.573537675 -1.98218981 0.0
-4.9591117680000005 -5.100416965 0.0
-0.024720416000000002 0.546389511 0.0
2.768728111 3.22743012 0.0
1.84431148 1.686466344 0.0
-2.656227653 -3.0604167089999996 0.0
0.329666873 -0.112339566 0.0
4.148383886 4.375016307 0.0
1.2205923490000001 1.1509311740000001 0.0
3.5679526580000003 3.7480512389999996 0.0
0.643203347 0.36232755299999997 0.0
4.779544331 4.567872403 0.0
-1.195330515 -0.7249288970000001 0.0
-1.4392151869999998 -0.84111225 0.0
1.709831057 2.173492655 0.0
-4.103838885 -4.450106065 0.0
-0.143559619 -1.329967367 0.0
-3.0080246269999997 -2.7013422310000004 0.0
-0.35674080700000005 -0.474512871 0.0
-1.054232488 -1.3629029069999998 0.0
3.379934493 2.596277626 0.0
0.25923925 0.578561622 0.0
-2.85738155 -2.929057015 0.0
-4.75011619 -4.197259453 0.0
-3.645853456 -3.650854518 0.0
-3.1006149639999996 -3.450584006 0.0
1.980879859 1.846995951 0.0
-1.0766252040000002 -1.5447774440000002 0.0
2.416504009 3.8072972469999997 0.0
0.684399367 0.48222404399999996 0.0
4.633705085 4.232160242 0.0
-4.636460596 -4.741420127 0.0
1.511694079 1.905475002 0.0
-2.886863726 -1.751089062 0.0
-1.000982181 -0.478475483 0.0
-2.346322641 -2.59648144 0.0
-4.680154074 -3.7611501389999997 0.0
-1.414643633 -1.471043036 0.0
2.9462351389999997 2.253961974 0.0
-0.625234034 -0.5784730020000001 0.0
-1.642128588 -1.4570075130000002 0.0
-4.16084829 -3.9304955880000003 0.0
0.5467420000000001 0.898334773 0.0
0.471271535 0.320712528 0.0
1.600721262 2.7687984639999996 0.0
1.020005322 1.267553276 0.0
0.462661579 0.30429483399999996 0.0
-3.474429715 -2.959595848 0.0
-0.96978002 -0.732609649 0.0
4.255815076 3.016711995 0.0
-3.0458063930000003 -2.7259108860000003 0.0
-4.536331475 -4.282521831 0.0
2.978885057 2.7884473310000004 0.0
1.31788159 2.474260431 0.0
0.63872451 0.960222074 0.0
4.645602286 4.311222399 0.0
4.26394301 3.5672941910000002 0.0
1.523136401 1.857425956 0.0
1.617586701 1.0465436909999999 0.0
3.4814546789999996 4.028552751 0.0
1.1381304890000001 1.127630473 0.0
4.127469873 3.956555341 0.0
-4.991958073999999 -3.979515577 0.0
-4.902186866 -5.1759546510000005 0.0
1.05161522 0.896475902 0.0
-0.758307565 -0.875523883 0.0
-2.028531251 -1.583474272 0.0
0.38937842899999997 0.693506608 0.0
-3.878922078 -3.909013162 0.0
2.206410018 2.645332796 0.0
-1.159378048 -1.322054146 0.0
-4.243825122 -3.275955942 0.0
4.296679138 3.8222834239999997 0.0
-2.456953586 -2.370209944 0.0
1.950795145 1.6654650290000002 0.0
-0.43357138799999995 -0.773937922 0.0
2.6580154030000003 2.8331272739999998 0.0
-2.426610955 -2.3794125 0.0
-4.897274838 -4.377431249 0.0
-1.295677223 -0.810942507 0.0
-0.067773303 0.354434077 0.0
-1.220422464 -0.853275896 0.0
-3.751752425 -3.2912341389999997 0.0
4.117705013999999 3.8468886330000003 0.0
-4.7337144680000005 -5.149814879 0.0
-4.27236625 -4.1262909169999995 0.0
-1.264350649 -1.767662721 0.0
-1.693049206 -2.037176716 0.0
-3.4233307999999996 -3.413686039 0.0
0.362417107 0.09606711400000001 0.0
-2.806181393 -2.800121165 0.0
1.9375676919999998 2.701386933 0.0
-0.749995566 -1.187882078 0.0
0.51586237 0.475827734 0.0
0.20277253399999998 -0.047485007999999995 0.0
-1.324243885 -0.9529353140000001 0.0
0.048315548 -0.264359756 0.0
-1.92802977 -2.200836291 0.0
-1.930397579 -1.325117575 0.0
-4.183370355 -5.25790781 0.0
-1.002663292 -0.714422848 0.0
-4.0986683710000005 -4.960938878 0.0
-1.9242107330000002 -2.033040421 0.0
0.913647262 0.74559328 0.0
2.657292238 3.339912126 0.0
-1.9544508980000002 -1.3568929680000001 0.0
3.6269335639999998 3.6108826310000004 0.0
-3.690437118 -3.207883248 0.0
0.658237936 -0.100352176 0.0
-2.828122231 -2.6215082069999998 0.0
-1.00571255 -1.2147232079999999 0.0
-2.418592987 -2.697730555 0.0
1.480306101 2.2571205180000002 0.0
3.7211564630000002 3.80058486 0.0
-1.343197152 -2.317276046 0.0
-4.5831182230000005 -5.042768581 0.0
0.541664055 0.117196986 0.0
3.1802798230000002 2.7951823339999997 0.0
0.993018588 1.117473022 0.0
2.7335061880000002 2.7148003760000003 0.0
-2.389378706 -2.5939621919999998 0.0
0.9908797359999999 0.7489541009999999 0.0
-0.939232761 -1.6450852040000001 0.0
-3.830938155 -4.027096773 0.0
2.03507616 2.856444588 0.0
3.936821693 4.004373306000001 0.0
1.38342276 2.061160543 0.0
4.491200268 4.6672466660000005 0.0
-0.8289028959999999 -1.214926921 0.0
2.064782863 1.778900938 0.0
0.7529250040000001 0.61877524 0.0
-4.0769911180000005 -3.825443043 0.0
2.7783292110000004 3.216978923 0.0
-2.918677111 -3.25076768 0.0
-3.220228441 -2.9669119569999998 0.0
-0.40287212200000005 -0.769237196 0.0
4.698211863 5.451005718999999 0.0
1.252050053 1.56452606 0.0
0.313502855 0.8204956440000001 0.0
-0.7615608859999999 -1.4168549590000001 0.0
2.963649535 2.644640514 0.0
4.4126417369999995 4.731282898 0.0
4.343978541 3.916390452 0.0
1.5434753030000001 1.462163191 0.0
-1.069322897 -1.3923560080000001 0.0
-1.918966009 -1.412206153 0.0
1.259420856 0.8650450690000001 0.0
2.041409812 2.112726899 0.0
2.95671771 2.614729182 0.0
2.904372343 3.436423869 0.0
1.4989908459999999 1.75928095 0.0
-3.4884206860000004 -3.40552527 0.0
-2.8069197339999996 -3.5317422410000003 0.0
-0.039138286 0.5469331239999999 0.0
1.0806039840000001 1.7664293119999999 0.0
4.454418765 3.190721115 0.0
1.120230593 0.571980395 0.0
2.136907363 1.595702253 0.0
2.548621634 2.651523418 0.0
1.074568757 1.5070387019999998 0.0
-2.8239763019999997 -2.936273603 0.0
1.659557486 1.288605333 0.0
-3.3805884539999997 -3.528470245 0.0
4.9819139969999995 3.98982741 0.0
4.758874874 5.504630883 0.0
4.56782361 4.994152607 0.0
4.500742117 4.547357689 0.0
-4.836282667 -4.565867559 0.0
1.580631046 1.824725542 0.0
1.651406421 1.141584659 0.0
4.715583136 3.71500744 0.0
-3.7667591010000003 -3.111960334 0.0
-0.682999177 -0.922889161 0.0
4.679551611 4.6805564319999995 0.0
-4.425030334 -4.6669085830000006 0.0
1.2425035629999999 1.609766908 0.0
-3.310757363 -2.974750396 0.0
-2.537368143 -2.9256501630000002 0.0
0.712064751 0.6969279909999999 0.0
2.457709399 2.09965482 0.0
-2.2086966759999997 -1.6693337030000002 0.0
2.62674948 2.5590572469999997 0.0
-1.7219681009999999 -1.592303706 0.0
-2.4199806269999997 -2.69218604 0.0
2.961410626 2.8833181910000003 0.0
-1.3641907930000001 -1.741076149 0.0
1.377165481 2.758545845 0.0
4.959956727 4.8958192689999995 0.0
-3.4434193580000003 -3.3151735139999996 0.0
-3.152220971 -2.887125938 0.0
4.428840545 4.578050503 0.0
4.402012052 4.187469806 0.0
4.556579331 4.575705517 0.0
3.6457892089999997 4.084299908 0.0
-1.667947227 -1.6350286630000002 0.0
-3.933290509 -4.207822338 0.0
1.0209817209999998 0.705033627 0.0
4.2578051519999995 4.1847844489999995 0.0
0.681952096 1.6424553259999999 0.0
0.078976511 1.073571062 0.0
-1.528102206 -1.771533495 0.0
-1.4852335769999998 -0.873126634 0.0
-4.656007034 -4.504247309 0.0
-2.8933249969999997 -3.2037343789999997 0.0
2.412179641 2.404673876 0.0
-0.8043582990000001 -1.339533838 0.0
3.0469965560000003 2.481853467 0.0
-4.930112643999999 -5.043020176000001 0.0
-1.867876954 -1.4046574509999998 0.0
-4.773448491 -5.412272942 0.0
2.88003281 3.22026736 0.0
4.935550799 5.0985956439999995 0.0
-0.456070805 -0.88912663 0.0
-0.13459890800000002 -0.193249082 0.0
-1.55235755 -1.033598356 0.0
0.7024122290000001 0.888267898 0.0
1.9049133409999999 1.9412810180000002 0.0
-2.558171186 -2.235856283 0.0
-1.411184759 -1.303487804 0.0
4.381036155 3.694643329 0.0
-1.441627964 -0.48643071600000004 0.0
-2.092734401 -2.008198363 0.0
2.675035626 3.151200345 0.0
-0.45428299299999997 -0.524626012 0.0
0.5121296320000001 0.73726977 0.0
-1.7306591869999999 -1.412771459 0.0
-4.202584287 -4.116747041 0.0
2.789135505 3.2207311339999998 0.0
-2.6081644390000003 -2.2770289740000003 0.0
4.795741243 4.980790048 0.0
2.8667924830000002 2.79377833 0.0
3.029129265 2.184092368 0.0
-3.775672622 -3.7547130139999996 0.0
2.210466077 2.868533915 0.0
4.178898556 4.45500973 0.0
-2.0624418999999996 -2.418953965 0.0
0.51993412 1.194454628 0.0
3.17249564 2.9850497889999996 0.0
-1.144331968 -1.3380023509999999 0.0
3.3989003739999997 3.448291598 0.0
1.230776415 0.7927154470000001 0.0
-1.682040973 -2.318365336 0.0
-0.55534574 0.241819941 0.0
4.791182335 4.083511564 0.0
2.821707157 3.127085702 0.0
-2.153388697 -1.5536774480000002 0.0
0.44774447100000003 0.48786653 0.0
0.7991000220000001 1.5241276069999998 0.0
-2.625149242 -1.921269607 0.0
-3.13171048 -3.4703861039999997 0.0
3.8330407810000002 3.905476352 0.0
1.9346991740000001 1.323574428 0.0
-2.814548945 -2.520016481 0.0
2.909760922 3.803992638 0.0
-4.90220774 -5.095293486 0.0
3.04932896 2.527828124 0.0
3.834201607 3.0904345930000003 0.0
4.1486220760000005 4.367103501 0.0
-0.33861158 -0.48863773899999996 0.0
-3.418408232 -3.621609883 0.0
3.220925059 3.11087315 0.0
-0.6764639659999999 -0.493619993 0.0
1.7133971959999998 1.232088738 0.0
0.478681521 0.015658342 0.0
0.949224471 0.9166419 0.0
3.0453286060000004 3.1602612480000003 0.0
4.198212917 4.158367318 0.0
-2.885607034 -2.210092279 0.0
2.330217795 1.8928459819999999 0.0
-1.598690788 -1.7264655219999998 0.0
0.42158670000000004 0.398054029 0.0
4.210350476 3.9938753160000005 0.0
-1.918089585 -2.313924056 0.0
-0.113057911 -0.07671742299999999 0.0
1.043901802 1.9568522659999998 0.0
4.197101858 4.1983611089999995 0.0
-3.576478027 -3.936148967 0.0
0.232760496 -0.113184133 0.0
0.7466198479999999 0.10240378 0.0
3.634041375 3.67292363 0.0
3.0810799639999997 2.8945076430000003 0.0
-4.4501441139999995 -5.507426411 0.0
-3.777838731 -3.129687542 0.0
-0.511079954 -0.883184124 0.0
1.016402717 0.856831015 0.0
0.855808496 0.682900835 0.0
-0.434740549 -0.80612441 0.0
-3.928951141 -3.7510414080000003 0.0
-2.003944791 -1.850943798 0.0
0.486406446 0.943652451 0.0
-3.185390935 -1.879445969 0.0
1.190207719 0.938118317 0.0
-1.034100356 -1.13004841 0.0
1.12548643 0.9049703920000001 0.0
3.8887396589999996 4.064748541 0.0
2.2492990809999998 2.3924366519999998 0.0
-1.798638785 -1.073209092 0.0
0.30529571 1.259732004 0.0
2.620165437 3.003015673 0.0
0.102092752 -1.1118787490000002 0.0
-2.737705314 -3.026793221 0.0
-2.642134905 -2.805021599 0.0
4.562952355 4.756966889 0.0
-3.10062363 -3.992465795 0.0
-4.516303195 -4.4831179169999995 0.0
-0.91611959 -0.796654405 0.0
-0.8783432790000001 -0.044335165 0.0
3.81807483 3.788031212 0.0
-2.857418931 -3.6105486439999996 0.0
-0.725883029 -1.138810466 0.0
-1.354613258 -1.1702838740000001 0.0
3.4215345139999997 4.034497362 0.0
0.828579792 0.342491011 0.0
-1.5779733219999998 -2.4255361019999997 0.0
2.071926005 1.646656348 0.0
1.012039629 0.932400459 0.0
-2.74449459 -2.521335482 0.0
0.845270092 1.536323505 0.0
3.228716999 2.6799813930000003 0.0
-4.091270915 -4.114649232 0.0
0.6224826960000001 0.8560716909999999 0.0
4.205414304 4.684558358 0.0
-1.980959105 -1.508253778 0.0
1.30032642 1.3690025369999999 0.0
-1.7540522040000002 -2.453530444 0.0
3.35438305 3.8232117989999996 0.0
2.1685355580000003 2.54508094 0.0
0.6673657679999999 0.177140267 0.0
-3.5096044839999996 -2.831929547 0.0
-1.484833853 -2.229777799 0.0
-4.132182226 -3.7623535089999995 0.0
2.055283284 1.338325457 0.0
1.757098113 2.025947819 0.0
2.548711351 2.806228425 0.0
-2.7361012860000002 -2.6438198809999998 0.0
-3.192061705 -2.96266532 0.0
-0.455758646 -0.981398856 0.0
-1.6830034109999998 -0.989198534 0.0
-1.852969646 -2.210000021 0.0
-3.842975418 -3.3544119930000003 0.0
-0.12906704800000002 0.080806687 0.0
3.2029799089999997 3.555862991 0.0
-2.5177400000000003 -2.536803637 0.0
0.353603861 0.6392288279999999 0.0
1.1823153640000001 1.62928154 0.0
-3.864987104 -4.254892678 0.0
-4.46337505 -3.693156635 0.0
-4.27847899 -3.791764685 0.0
-4.741960515 -4.919165281000001 0.0
-1.851192771 -2.26659409 0.0
-3.304132295 -2.797408777 0.0
-0.131805136 -0.316615496 0.0
1.568830446 1.070930561 0.0
-4.452992696 -4.613059926 0.0
3.1543241319999997 3.329503409 0.0
-3.6607589689999998 -3.5021924560000004 0.0
-2.6956680769999997 -2.159709896 0.0
-2.610270015 -2.6988702669999998 0.0
2.61418611 2.929776312 0.0
0.6228918929999999 0.907366208 0.0
0.829995403 0.17912594 0.0
2.528449427 2.447825803 0.0
2.918103924 3.588135722 0.0
-1.580418197 -1.6302736359999999 0.0
-4.816464442 -4.723390838 0.0
1.489735292 1.7310823 0.0
-2.3940652769999997 -2.396901641 0.0
-1.9762968159999998 -2.497796347 0.0
0.9857204140000001 2.323478361 0.0
-3.971696876 -3.586398918 0.0
3.7492130980000002 3.7425661389999996 0.0
-4.564067037 -5.241753479 0.0
1.085551612 0.19396829699999998 0.0
-0.6037613629999999 -0.9321614109999999 0.0
0.82371481 0.475846515 0.0
1.98439199 1.118410073 0.0
-1.593202227 -1.4835376130000002 0.0
-4.106626671 -4.2438725 0.0
-0.795474735 -0.627191735 0.0
-2.606396805 -2.703881388 0.0
-0.23116048 -1.0790186290000001 0.0
2.519419566 2.3794598959999997 0.0
3.187898526 3.254826108 0.0
4.805843497 4.27759063 0.0
2.622226963 2.965411783 0.0
2.314222334 1.264010261 0.0
-4.181526417 -3.05323137 0.0
-4.551112561 -5.172275807 0.0
-1.7864183269999998 -1.9515400269999998 0.0
1.169605397 0.702160536 0.0
2.416203443 1.238993022 0.0
0.791020242 0.830063461 0.0
-0.649205048 -1.284211162 0.0
0.346396274 0.895679254 0.0
-4.6224371269999995 -4.659531881 0.0
-3.3709632469999997 -3.261306948 0.0
-3.455214347 -2.9844645219999997 0.0
-3.344813655 -3.7570050669999997 0.0
-3.5626276910000003 -3.492211905 0.0
-3.124045718 -2.9968003 0.0
1.4688054819999998 0.843878751 0.0
-0.22212857100000002 -0.515947833 0.0
3.9440915569999997 3.6341617989999997 0.0
1.180671777 1.435928968 0.0
2.1811192409999998 1.4857039669999998 0.0
-4.237556802 -3.652038821 0.0
-4.737445483999999 -4.615003649 0.0
-1.057585245 -1.405454201 0.0
3.610861092 3.903081743 0.0
1.016938144 0.668686442 0.0
-3.6253096160000005 -2.9467638860000003 0.0
-4.979496866 -4.762112095 0.0
1.634972785 1.162021716 0.0
4.457414276000001 4.242263007 0.0
2.191998544 2.43537461 0.0
3.278164649 2.401168488 0.0
-4.263442573 -4.285428884 0.0
2.400601085 2.352654862 0.0
-3.21985614 -3.421166228 0.0
0.872227561 0.261054788 0.0
3.82005759 3.1230127189999997 0.0
1.717932781 1.4643835809999999 0.0
-4.915120127 -4.573819166 0.0
-0.433476751 -0.04984473 0.0
-3.126768128 -3.543407307 0.0
4.952958126 5.256262081 0.0
-1.349007078 -1.185488403 0.0
-2.76387437 -3.43706535 0.0
-4.290034883 -4.838047373999999 0.0
0.425539645 0.24848912399999998 0.0
-2.8804361519999997 -3.170389707 0.0
-4.706116156 -3.712019778 0.0
-0.723886094 -0.289706627 0.0
-2.531432398 -2.746960107 0.0
-0.179929929 -0.274905801 0.0
4.363780678 5.04907206 0.0
2.863961363 2.935694915 0.0
1.9214263980000001 1.827121169 0.0
-4.99953002 -4.70583319 0.0
-3.11187264 -3.739530125 0.0
2.069043333 1.5039544809999998 0.0
1.250586032 1.191549304 0.0
4.494077011 3.677218723 0.0
1.306880463 0.7087909920000001 0.0
1.50631493 1.836597653 0.0
-4.037601857 -3.3404243780000002 0.0
3.815566418 4.125650125 0.0
-0.358718031 -0.51920735 0.0
-2.3214532969999997 -1.574954556 0.0
-0.47231389 0.366814739 0.0
1.374096416 1.8641131069999999 0.0
-0.35396016700000005 0.065731969 0.0
4.759794979 4.5864660719999994 0.0
-0.9751396840000001 -1.848538812 0.0
-3.07202132 -3.118326158 0.0
-0.057225146 -0.42267635 0.0
3.831186532 4.203074782 0.0
2.5244273390000003 2.527632287 0.0
3.9469161 4.059059048 0.0
-0.13103703 -0.813595495 0.0
-4.0177787469999995 -4.195627691 0.0
-3.4229866860000002 -3.645827372 0.0
2.286484314 2.264371643 0.0
4.509600801 4.562336131 0.0
2.90834574 2.493142645 0.0
-1.4406971030000002 -1.275564613 0.0
1.114035631 1.141775217 0.0
-4.043344341 -4.388683273 0.0
-3.0422981360000003 -3.6122189369999997 0.0
3.27525778 3.015655347 0.0
3.1746898939999997 3.423185953 0.0
-2.919420174 -3.239650914 0.0
0.012994341000000001 0.629086651 0.0
2.326077675 2.8115295739999997 0.0
-0.7786303290000001 -0.6875636959999999 0.0
-4.958657378 -4.479512654 0.0
3.5669943639999997 3.574557656 0.0
1.372542731 1.919845547 0.0
-1.1693491040000001 -0.963544195 0.0
0.710610284 1.930534595 0.0
2.366479172 2.09212372 0.0
-4.938537781 -4.574547968 0.0
-1.006555613 -0.631082175 0.0
-3.877970462 -4.114358193 0.0
1.6570068830000002 1.708238775 0.0
0.6941588759999999 0.8104456720000001 0.0
4.361099249 5.0386915189999995 0.0
1.229978354 -3.804603854 1.0
2.721427813 -2.128357126 1.0
3.8148325969999997 -1.674247681 1.0
3.7944388510000002 -1.919945698 1.0
4.865017526 -0.451138094 1.0
1.952771157 -2.292713192 1.0
3.383153187 -2.36101428 1.0
3.0551330080000003 -1.587558592 1.0
3.9292983969999997 -0.756750646 1.0
2.479593443 -2.333575403 1.0
1.176771722 -4.0468534069999995 1.0
0.817205231 -4.288131967 1.0
0.9732914290000001 -3.456289714 1.0
2.377026477 -2.635271925 1.0
1.538750974 -2.817647332 1.0
4.965173494 0.422627825 1.0
2.22984003 -2.839580753 1.0
0.46279612600000003 -4.2179710560000006 1.0
2.7905467 -2.178720748 1.0
1.8020488469999998 -3.4323112389999997 1.0
1.891175258 -2.36553164 1.0
0.295033486 -4.696052783 1.0
2.208149735 -3.47391513 1.0
3.996950291 -0.790862445 1.0
0.554325262 -3.88083724 1.0
3.372830822 -1.4354849330000001 1.0
2.18027535 -2.880244031 1.0
3.489117466 -1.180174722 1.0
0.920712984 -3.8643872519999998 1.0
3.2488785030000003 -0.329628456 1.0
4.922266204 0.403053686 1.0
4.1189595180000005 -1.184762571 1.0
3.552748817 -0.795447852 1.0
0.36125322299999996 -4.685160498 1.0
2.016014417 -3.48534997 1.0
2.580150421 -1.8992734269999998 1.0
0.5011999420000001 -4.59349336 1.0
2.381339548 -1.925411433 1.0
4.960522222 -0.8139281559999999 1.0
1.268390124 -4.352709342 1.0
1.124262699 -4.1658352380000006 1.0
4.58496764 -0.268717753 1.0
2.437464738 -2.79280755 1.0
3.5648717139999997 -1.7270938269999998 1.0
1.268000854 -4.957316756 1.0
1.467262864 -4.2780562369999995 1.0
1.360291945 -3.881351937 1.0
1.576674595 -3.583148933 1.0
4.460651701000001 -0.942134481 1.0
2.8694920460000004 -1.912822674 1.0
3.0854455069999998 -1.881760011 1.0
0.13327435099999999 -5.05499539 1.0
1.010849283 -4.369012669 1.0
3.211046977 -1.724170627 1.0
3.622862195 -1.032152166 1.0
0.07479516900000001 -5.4627877179999995 1.0
2.573221647 -3.456211763 1.0
1.082512658 -4.2957048339999995 1.0
4.287178944 -0.5035773060000001 1.0
1.612889958 -3.731073699 1.0
0.958535513 -3.721912938 1.0
4.160144075 -0.8225406279999999 1.0
3.917230773 -0.14839781400000002 1.0
2.996723215 -2.148704477 1.0
2.379622586 -2.925382372 1.0
3.326635493 -2.149550736 1.0
1.080973384 -4.075794517 1.0
3.77476218 -1.294852077 1.0
4.771311912 0.192834659 1.0
4.173325982 -0.578204462 1.0
0.761842473 -4.804766395 1.0
4.410867055 -0.756653937 1.0
3.8679485419999997 -1.25016824 1.0
0.29534876600000004 -4.432804706000001 1.0
4.902872731 0.23216244600000002 1.0
0.712178402 -4.27189757 1.0
0.320152342 -4.670379635 1.0
1.812377194 -3.418657975 1.0
1.054535306 -4.6661127989999995 1.0
0.864991862 -3.564235838 1.0
1.231425169 -3.948150203 1.0
3.490905516 -2.121903385 1.0
1.6318196280000001 -3.891308125 1.0
1.16168127 -3.8449434730000003 1.0
2.1500514969999998 -3.819431101 1.0
4.422271757 -1.0027111979999999 1.0
2.562465514 -3.150017576 1.0
4.929236389 -0.738108702 1.0
3.140679473 -2.7271048469999997 1.0
2.057349124 -3.328279251 1.0
2.6675456019999997 -1.697612355 1.0
3.3920251589999997 -1.270938231 1.0
3.302010702 -1.744804425 1.0
3.2680233469999997 -1.53028273 1.0
0.6219091929999999 -3.762747478 1.0
4.265026278000001 -0.413272491 1.0
2.6791458180000003 -2.246936779 1.0
1.477318994 -2.853956892 1.0
1.8427362919999999 -2.809902816 1.0
1.37446353 -3.2378542219999997 1.0
0.061653332000000005 -4.763060977 1.0
4.002858488999999 -0.7333440920000001 1.0
0.187936535 -4.886750323999999 1.0
4.36731676 -0.833775377 1.0
2.6953888669999997 -2.718005256 1.0
4.133002697 -0.21291801 1.0
1.412911909 -3.362917645 1.0
2.136743653 -3.284809529 1.0
1.282209271 -3.97634152 1.0
2.135268289 -3.6322779780000003 1.0
3.7494425430000002 -0.818131892 1.0
3.855498636 -0.63627654 1.0
0.838085614 -4.068621757 1.0
1.456652737 -4.516537181 1.0
4.861949499 -0.17258132699999998 1.0
1.345665278 -3.282997805 1.0
4.206310343999999 -0.614786015 1.0
4.055047462 -2.247648283 1.0
1.440214064 -3.3100991619999998 1.0
0.8816884490000001 -3.697122825 1.0
4.683613169 -0.930336869 1.0
2.444445257 -2.426156647 1.0
3.690647155 -1.350329449 1.0
2.965928912 -2.435318956 1.0
1.13196317 -4.069638137 1.0
0.219612458 -3.859803916 1.0
4.164951048 -0.826142973 1.0
0.511991062 -4.173649637 1.0
3.591748215 -1.284639036 1.0
4.652021094 -0.020643998 1.0
1.323708802 -3.8975206289999997 1.0
4.169952759 -0.647370919 1.0
4.0914906989999995 -0.6400901489999999 1.0
3.19354666 -1.874922723 1.0
2.424874936 -2.458256191 1.0
2.5185490390000003 -2.2365701540000003 1.0
3.542676665 -1.739598608 1.0
4.028550634 -1.295604962 1.0
4.832558644 0.08281409599999999 1.0
2.050082652 -3.3204499610000004 1.0
1.268577498 -4.544077995 1.0
0.416299205 -4.10342914 1.0
0.694624564 -4.272825463 1.0
3.95106955 -1.303023238 1.0
1.391395119 -4.198129178 1.0
3.349428865 -1.26344818 1.0
1.245579049 -3.973723503 1.0
2.766811693 -2.462005758 1.0
1.63945529 -2.7741446610000002 1.0
3.6185468660000004 -2.1448917769999998 1.0
3.52831866 -1.663695979 1.0
1.572218516 -2.8159383669999998 1.0
3.306330299 -1.50971381 1.0
4.751767508 -0.069016025 1.0
4.634431865 -1.450383389 1.0
1.852860863 -3.723360126 1.0
3.988976253 -1.278615834 1.0
0.043242812 -5.335621377 1.0
2.177226732 -2.666917998 1.0
0.40361621799999997 -4.991549831 1.0
2.005118841 -2.761459771 1.0
0.8111561829999999 -3.801582971 1.0
0.661870471 -3.7792773960000003 1.0
3.205392133 -3.0737975 1.0
1.735756235 -3.098038818 1.0
2.564290614 -3.1335796030000003 1.0
3.2215050919999997 -1.346340099 1.0
4.579782517 -0.594893598 1.0
4.093665368 -0.42054012799999996 1.0
4.187554462 -1.244559954 1.0
3.695251207 -1.8651421769999998 1.0
2.372601584 -3.295244353 1.0
0.150483995 -4.678768865 1.0
3.8025982430000003 -1.147438847 1.0
0.12078309 -5.878774012 1.0
4.355860695 -1.705063775 1.0
0.9485839229999999 -5.361947466 1.0
0.647164836 -4.749941084 1.0
4.851712687 -0.355349239 1.0
3.1418055519999997 -2.3004783 1.0
2.976588855 -2.291251373 1.0
2.601954256 -3.190581475 1.0
4.143787293 -1.872868569 1.0
4.680477628999999 -0.549952818 1.0
1.207275069 -3.946532855 1.0
2.147989814 -3.614599021 1.0
4.085702357 -0.46712282299999996 1.0
2.6862318569999997 -1.96542208 1.0
4.633341444 -0.34893239 1.0
4.81277126 -1.005587807 1.0
2.527320379 -2.638517289 1.0
4.059792614 -1.4868682530000001 1.0
0.382532363 -5.477062372000001 1.0
4.280948897 -0.626542534 1.0
3.855618197 -1.129549474 1.0
2.514231835 -2.235384587 1.0
2.0769745790000003 -2.578863423 1.0
0.985982985 -4.416528152 1.0
2.3037570830000003 -3.309603772 1.0
2.568897452 -1.972616935 1.0
2.511366431 -3.069400542 1.0
2.1889962240000003 -2.787251959 1.0
2.3905977259999998 -2.494077526 1.0
1.390885506 -3.765060832 1.0
4.276289933999999 -1.184693572 1.0
4.659079834 -0.777579103 1.0
1.72634552 -3.357034323 1.0
0.099193379 -4.099225393 1.0
3.11589377 -1.290411295 1.0
3.9667076710000004 -0.848057782 1.0
2.2783046959999997 -2.90022139 1.0
0.9409147309999999 -3.9037389630000003 1.0
0.7339535070000001 -4.754546736 1.0
3.714918948 -2.1729207280000002 1.0
0.65429054 -4.124011823 1.0
2.844709564 -2.538553984 1.0
3.6768812310000003 -0.904287328 1.0
3.6115897880000003 -1.294234801 1.0
4.034519417 -1.457587624 1.0
1.93849731 -3.68185648 1.0
1.2502638179999999 -3.6515717000000003 1.0
4.056734456 -1.334189408 1.0
0.7243345179999999 -3.6992782060000002 1.0
3.6626715410000004 -1.3914537169999999 1.0
1.758803169 -3.006010372 1.0
3.230347746 -2.238534159 1.0
0.527520471 -4.6823676380000006 1.0
4.856340386 -0.19123211199999998 1.0
1.10799594 -3.9337153639999998 1.0
2.329087437 -3.048663046 1.0
0.43489143799999996 -4.71929219 1.0
2.51876985 -2.8000278260000004 1.0
2.8361723569999997 -2.6549420980000003 1.0
3.375644515 -2.504814756 1.0
2.151714871 -2.976120693 1.0
2.185094943 -2.813155785 1.0
2.878264691 -1.992401361 1.0
1.337158788 -3.536608718 1.0
4.197965341000001 -0.795245523 1.0
4.5446259730000005 0.01277727 1.0
4.2784493910000005 -1.041250141 1.0
1.496875093 -3.4372632160000003 1.0
0.056042584000000006 -4.8459343210000005 1.0
4.081050092 -0.26288875 1.0
0.30364261600000003 -4.9637099860000005 1.0
0.7141016259999999 -4.291771022 1.0
0.443189193 3.928678592 2.0
2.0194936919999997 -0.117981564 1.0
4.6187467689999995 2.670243522 0.0
3.626510028 4.883998414 0.0
3.920378613 -4.670752406 1.0
-0.650988999 -2.661942202 0.0
-1.023751898 -4.873461593 1.0
-1.773321603 1.72073049 2.0
4.105235219 -3.73331913 1.0
4.867074913 -2.225400927 1.0
1.096630518 3.043230975 0.0
-3.9677615 3.856967175 2.0
-0.9752582479999999 1.9817368990000002 2.0
2.1005570590000002 -1.803832853 1.0
-3.056514561 4.845646652 2.0
-0.22343822100000002 -4.543067366 1.0
2.265418286 -0.785903095 1.0
-4.249162215 -0.47361461899999996 2.0
0.688404362 4.739108498 2.0
1.2505602390000001 -2.587991955 1.0
0.130085421 3.870089797 2.0
2.4651344490000002 -0.642863773 1.0
2.490643223 -4.154089128 1.0
-3.7352685439999997 4.779044422 2.0
-2.436402403 4.985655318 2.0
-4.7831743 4.22194771 2.0
