342.0 163.0 1.0
302.0 129.0 5.0
292.0 173.0 2.0
188.0 179.0 0.0
224.0 130.0 3.0
288.0 64.0 0.0
268.0 137.0 5.0
275.0 52.0 0.0
185.0 167.0 0.0
216.0 59.0 0.0
187.0 73.0 0.0
268.0 63.0 0.0
192.0 127.0 0.0
347.0 185.0 1.0
226.0 123.0 3.0
285.0 169.0 2.0
226.0 208.0 1.0
191.0 57.0 0.0
305.0 60.0 0.0
164.0 205.0 1.0
244.0 67.0 0.0
345.0 150.0 1.0
220.0 57.0 0.0
286.0 162.0 2.0
279.0 209.0 1.0
254.0 62.0 0.0
221.0 122.0 3.0
217.0 218.0 1.0
219.0 183.0 4.0
188.0 150.0 0.0
186.0 114.0 0.0
348.0 191.0 1.0
337.0 213.0 1.0
339.0 172.0 1.0
271.0 206.0 1.0
237.0 57.0 0.0
336.0 86.0 1.0
329.0 53.0 0.0
332.0 156.0 1.0
326.0 134.0 1.0
337.0 54.0 0.0
207.0 58.0 0.0
363.0 69.0 0.0
275.0 197.0 1.0
298.0 206.0 1.0
211.0 204.0 1.0
237.0 56.0 0.0
293.0 120.0 5.0
257.0 57.0 0.0
179.0 47.0 0.0
212.0 207.0 1.0
269.0 68.0 0.0
189.0 67.0 0.0
236.0 157.0 4.0
216.0 130.0 3.0
282.0 135.0 5.0
279.0 211.0 1.0
247.0 66.0 0.0
193.0 89.0 0.0
240.0 168.0 4.0
197.0 70.0 0.0
297.0 213.0 1.0
187.0 120.0 0.0
188.0 91.0 0.0
181.0 200.0 1.0
345.0 212.0 1.0
192.0 164.0 0.0
333.0 60.0 0.0
182.0 120.0 0.0
378.0 57.0 0.0
276.0 209.0 1.0
224.0 127.0 3.0
311.0 54.0 0.0
276.0 177.0 2.0
275.0 62.0 0.0
283.0 117.0 5.0
260.0 213.0 1.0
269.0 120.0 5.0
246.0 175.0 4.0
281.0 64.0 0.0
276.0 173.0 2.0
286.0 59.0 0.0
236.0 208.0 1.0
255.0 203.0 1.0
184.0 129.0 0.0
339.0 168.0 1.0
335.0 86.0 1.0
195.0 84.0 0.0
300.0 204.0 1.0
295.0 205.0 1.0
170.0 208.0 1.0
251.0 213.0 1.0
273.0 182.0 2.0
249.0 209.0 1.0
316.0 64.0 0.0
192.0 96.0 0.0
315.0 212.0 1.0
335.0 112.0 1.0
189.0 60.0 0.0
307.0 209.0 1.0
173.0 198.0 1.0
226.0 176.0 4.0
345.0 185.0 1.0
191.0 73.0 0.0
282.0 63.0 0.0
348.0 197.0 1.0
349.0 201.0 1.0
231.0 213.0 1.0
359.0 60.0 0.0
260.0 212.0 1.0
342.0 193.0 1.0
256.0 56.0 0.0
190.0 137.0 0.0
343.0 169.0 1.0
219.0 137.0 3.0
187.0 173.0 0.0
281.0 122.0 5.0
289.0 168.0 2.0
191.0 68.0 0.0
191.0 155.0 0.0
309.0 60.0 0.0
221.0 129.0 3.0
240.0 109.0 3.0
340.0 118.0 1.0
225.0 181.0 4.0
325.0 61.0 0.0
335.0 57.0 0.0
348.0 61.0 0.0
339.0 130.0 1.0
247.0 159.0 4.0
206.0 203.0 1.0
331.0 177.0 1.0
331.0 143.0 1.0
336.0 110.0 1.0
189.0 96.0 0.0
231.0 131.0 3.0
190.0 167.0 0.0
252.0 59.0 0.0
344.0 46.0 0.0
194.0 49.0 0.0
292.0 157.0 2.0
180.0 208.0 1.0
272.0 133.0 5.0
235.0 129.0 3.0
304.0 163.0 2.0
224.0 136.0 3.0
318.0 199.0 1.0
248.0 162.0 4.0
241.0 129.0 3.0
233.0 177.0 4.0
191.0 143.0 0.0
238.0 62.0 0.0
235.0 209.0 1.0
164.0 212.0 1.0
183.0 106.0 0.0
276.0 131.0 5.0
290.0 60.0 0.0
218.0 60.0 0.0
193.0 161.0 0.0
289.0 160.0 2.0
189.0 129.0 0.0
223.0 57.0 0.0
283.0 119.0 5.0
296.0 180.0 2.0
197.0 60.0 0.0
235.0 62.0 0.0
285.0 208.0 1.0
273.0 212.0 1.0
335.0 115.0 1.0
224.0 169.0 4.0
212.0 126.0 3.0
317.0 56.0 0.0
345.0 200.0 1.0
278.0 179.0 2.0
296.0 62.0 0.0
301.0 176.0 2.0
173.0 205.0 1.0
310.0 68.0 0.0
228.0 176.0 4.0
182.0 200.0 1.0
338.0 152.0 1.0
284.0 106.0 5.0
340.0 56.0 0.0
277.0 112.0 5.0
288.0 126.0 5.0
167.0 206.0 1.0
233.0 62.0 0.0
281.0 131.0 5.0
227.0 110.0 3.0
186.0 146.0 0.0
235.0 119.0 3.0
291.0 186.0 2.0
257.0 60.0 0.0
185.0 208.0 1.0
338.0 129.0 1.0
360.0 54.0 0.0
319.0 65.0 0.0
287.0 57.0 0.0
295.0 167.0 2.0
195.0 158.0 0.0
236.0 207.0 1.0
183.0 158.0 0.0
185.0 152.0 0.0
252.0 64.0 0.0
185.0 46.0 0.0
192.0 60.0 0.0
335.0 123.0 1.0
187.0 131.0 0.0
217.0 63.0 0.0
313.0 211.0 1.0
282.0 121.0 5.0
225.0 62.0 0.0
266.0 58.0 0.0
302.0 63.0 0.0
172.0 207.0 1.0
229.0 105.0 3.0
336.0 199.0 1.0
276.0 62.0 0.0
182.0 178.0 0.0
199.0 103.0 0.0
192.0 130.0 0.0
292.0 133.0 5.0
336.0 182.0 1.0
313.0 60.0 0.0
338.0 155.0 1.0
342.0 48.0 0.0
268.0 205.0 1.0
188.0 69.0 0.0
222.0 114.0 3.0
188.0 180.0 0.0
323.0 56.0 0.0
339.0 57.0 0.0
343.0 140.0 1.0
225.0 53.0 0.0
363.0 57.0 0.0
336.0 153.0 1.0
289.0 215.0 1.0
277.0 60.0 0.0
199.0 58.0 0.0
194.0 105.0 0.0
280.0 113.0 5.0
216.0 112.0 3.0
205.0 62.0 0.0
281.0 180.0 2.0
284.0 122.0 5.0
328.0 208.0 1.0
294.0 216.0 1.0
225.0 205.0 1.0
337.0 146.0 1.0
322.0 59.0 0.0
237.0 184.0 4.0
289.0 170.0 2.0
236.0 181.0 4.0
208.0 62.0 0.0
224.0 183.0 4.0
190.0 58.0 0.0
292.0 176.0 2.0
287.0 202.0 1.0
202.0 87.0 0.0
332.0 211.0 1.0
269.0 203.0 1.0
229.0 117.0 3.0
294.0 134.0 5.0
362.0 54.0 0.0
295.0 160.0 2.0
163.0 206.0 1.0
190.0 71.0 0.0
274.0 203.0 1.0
190.0 153.0 0.0
229.0 55.0 0.0
338.0 124.0 1.0
329.0 146.0 1.0
220.0 211.0 1.0
240.0 61.0 0.0
242.0 109.0 3.0
192.0 55.0 0.0
240.0 124.0 3.0
178.0 212.0 1.0
316.0 209.0 1.0
240.0 60.0 0.0
228.0 122.0 3.0
346.0 54.0 0.0
334.0 152.0 1.0
339.0 167.0 1.0
288.0 59.0 0.0
238.0 63.0 0.0
289.0 200.0 1.0
340.0 187.0 1.0
277.0 109.0 5.0
268.0 55.0 0.0
221.0 62.0 0.0
185.0 159.0 0.0
337.0 149.0 1.0
312.0 49.0 0.0
302.0 159.0 2.0
302.0 172.0 2.0
189.0 89.0 0.0
339.0 64.0 0.0
208.0 210.0 1.0
295.0 169.0 2.0
252.0 60.0 0.0
298.0 208.0 1.0
284.0 118.0 5.0
233.0 216.0 1.0
295.0 157.0 2.0
235.0 163.0 4.0
240.0 167.0 4.0
236.0 201.0 1.0
224.0 167.0 4.0
225.0 55.0 0.0
342.0 103.0 1.0
248.0 210.0 1.0
188.0 106.0 0.0
278.0 118.0 5.0
202.0 54.0 0.0
192.0 176.0 0.0
190.0 179.0 0.0
228.0 124.0 3.0
227.0 122.0 3.0
352.0 55.0 0.0
301.0 57.0 0.0
270.0 217.0 1.0
221.0 127.0 3.0
341.0 92.0 1.0
314.0 203.0 1.0
296.0 163.0 2.0
189.0 115.0 0.0
192.0 148.0 0.0
307.0 60.0 0.0
350.0 56.0 0.0
341.0 188.0 1.0
292.0 209.0 1.0
195.0 157.0 0.0
219.0 115.0 3.0
233.0 128.0 3.0
229.0 212.0 1.0
282.0 180.0 2.0
201.0 211.0 1.0
228.0 130.0 3.0
273.0 57.0 0.0
233.0 60.0 0.0
333.0 56.0 0.0
346.0 214.0 1.0
290.0 62.0 0.0
224.0 177.0 4.0
187.0 169.0 0.0
189.0 172.0 0.0
383.0 64.0 0.0
189.0 103.0 0.0
228.0 127.0 3.0
224.0 206.0 1.0
290.0 182.0 2.0
196.0 120.0 0.0
187.0 184.0 0.0
224.0 110.0 3.0
292.0 127.0 5.0
334.0 87.0 1.0
222.0 128.0 3.0
196.0 62.0 0.0
278.0 115.0 5.0
188.0 125.0 0.0
300.0 60.0 0.0
317.0 214.0 1.0
281.0 166.0 2.0
311.0 49.0 0.0
303.0 175.0 2.0
206.0 56.0 0.0
175.0 208.0 1.0
291.0 165.0 2.0
181.0 175.0 0.0
296.0 181.0 2.0
290.0 161.0 2.0
183.0 159.0 0.0
343.0 199.0 1.0
337.0 127.0 1.0
196.0 210.0 1.0
189.0 205.0 1.0
240.0 59.0 0.0
279.0 207.0 1.0
262.0 204.0 1.0
288.0 61.0 0.0
391.0 66.0 0.0
268.0 60.0 0.0
389.0 66.0 0.0
335.0 99.0 1.0
177.0 208.0 1.0
343.0 146.0 1.0
333.0 65.0 0.0
194.0 161.0 0.0
272.0 127.0 5.0
221.0 207.0 1.0
293.0 123.0 5.0
242.0 158.0 4.0
190.0 210.0 1.0
386.0 53.0 0.0
217.0 106.0 3.0
248.0 206.0 1.0
342.0 194.0 1.0
243.0 204.0 1.0
245.0 56.0 0.0
345.0 187.0 1.0
215.0 181.0 4.0
161.0 203.0 1.0
316.0 203.0 1.0
344.0 58.0 0.0
234.0 206.0 1.0
238.0 162.0 4.0
316.0 213.0 1.0
298.0 201.0 1.0
267.0 213.0 1.0
240.0 207.0 1.0
190.0 126.0 0.0
307.0 207.0 1.0
302.0 60.0 0.0
338.0 114.0 1.0
309.0 58.0 0.0
229.0 203.0 1.0
215.0 219.0 1.0
278.0 112.0 5.0
219.0 208.0 1.0
300.0 161.0 2.0
259.0 62.0 0.0
185.0 92.0 0.0
299.0 199.0 1.0
189.0 59.0 0.0
186.0 46.0 0.0
276.0 122.0 5.0
299.0 164.0 2.0
343.0 153.0 1.0
277.0 212.0 1.0
283.0 209.0 1.0
161.0 208.0 1.0
273.0 128.0 5.0
223.0 119.0 3.0
340.0 143.0 1.0
228.0 116.0 3.0
181.0 211.0 1.0
232.0 116.0 3.0
276.0 65.0 0.0
254.0 212.0 1.0
244.0 213.0 1.0
279.0 63.0 0.0
327.0 129.0 1.0
282.0 207.0 1.0
388.0 62.0 0.0
225.0 125.0 3.0
305.0 206.0 1.0
302.0 206.0 1.0
191.0 67.0 0.0
342.0 190.0 1.0
341.0 164.0 1.0
290.0 211.0 1.0
216.0 199.0 1.0
184.0 74.0 0.0
265.0 61.0 0.0
190.0 202.0 1.0
337.0 207.0 1.0
248.0 59.0 0.0
247.0 171.0 4.0
201.0 200.0 1.0
182.0 81.0 0.0
258.0 68.0 0.0
338.0 209.0 1.0
354.0 57.0 0.0
329.0 110.0 1.0
193.0 78.0 0.0
273.0 210.0 1.0
341.0 173.0 1.0
190.0 108.0 0.0
194.0 208.0 1.0
281.0 124.0 5.0
190.0 198.0 1.0
216.0 56.0 0.0
321.0 205.0 1.0
278.0 197.0 1.0
247.0 64.0 0.0
343.0 152.0 1.0
344.0 170.0 1.0
205.0 58.0 0.0
194.0 165.0 0.0
203.0 212.0 1.0
235.0 208.0 1.0
253.0 211.0 1.0
333.0 119.0 1.0
295.0 114.0 5.0
210.0 56.0 0.0
221.0 210.0 1.0
231.0 162.0 4.0
222.0 211.0 1.0
198.0 70.0 0.0
226.0 129.0 3.0
281.0 209.0 1.0
210.0 125.0 3.0
332.0 52.0 0.0
254.0 63.0 0.0
242.0 178.0 4.0
273.0 202.0 1.0
270.0 57.0 0.0
335.0 89.0 1.0
229.0 174.0 4.0
238.0 177.0 4.0
377.0 60.0 0.0
229.0 163.0 4.0
236.0 118.0 3.0
342.0 192.0 1.0
282.0 159.0 2.0
203.0 60.0 0.0
179.0 208.0 1.0
219.0 211.0 1.0
180.0 219.0 1.0
254.0 205.0 1.0
275.0 163.0 2.0
252.0 167.0 4.0
227.0 179.0 4.0
304.0 169.0 2.0
343.0 204.0 1.0
228.0 213.0 1.0
275.0 158.0 2.0
310.0 211.0 1.0
271.0 61.0 0.0
195.0 206.0 1.0
366.0 58.0 0.0
225.0 54.0 0.0
340.0 159.0 1.0
230.0 55.0 0.0
264.0 206.0 1.0
241.0 173.0 4.0
278.0 108.0 5.0
280.0 124.0 5.0
214.0 57.0 0.0
295.0 53.0 0.0
355.0 57.0 0.0
187.0 209.0 1.0
244.0 215.0 1.0
301.0 164.0 2.0
341.0 192.0 1.0
280.0 111.0 5.0
294.0 110.0 5.0
229.0 110.0 3.0
192.0 95.0 0.0
273.0 115.0 5.0
297.0 128.0 5.0
266.0 217.0 1.0
186.0 67.0 0.0
191.0 105.0 0.0
327.0 60.0 0.0
198.0 59.0 0.0
384.0 64.0 0.0
183.0 155.0 0.0
276.0 54.0 0.0
212.0 210.0 1.0
216.0 119.0 3.0
329.0 213.0 1.0
233.0 132.0 3.0
337.0 109.0 1.0
320.0 62.0 0.0
243.0 63.0 0.0
178.0 53.0 0.0
179.0 209.0 1.0
299.0 173.0 2.0
214.0 124.0 3.0
330.0 64.0 0.0
341.0 168.0 1.0
335.0 96.0 1.0
360.0 58.0 0.0
286.0 176.0 2.0
300.0 210.0 1.0
225.0 160.0 4.0
336.0 53.0 0.0
284.0 59.0 0.0
253.0 67.0 0.0
244.0 200.0 1.0
288.0 206.0 1.0
335.0 64.0 0.0
229.0 171.0 4.0
235.0 211.0 1.0
270.0 59.0 0.0
238.0 52.0 0.0
239.0 211.0 1.0
227.0 55.0 0.0
338.0 128.0 1.0
222.0 118.0 3.0
229.0 162.0 4.0
243.0 212.0 1.0
278.0 117.0 5.0
215.0 199.0 1.0
331.0 52.0 0.0
240.0 171.0 4.0
338.0 90.0 1.0
337.0 136.0 1.0
279.0 171.0 2.0
180.0 128.0 0.0
295.0 119.0 5.0
184.0 168.0 0.0
339.0 190.0 1.0
341.0 57.0 0.0
191.0 93.0 0.0
293.0 213.0 1.0
343.0 46.0 0.0
352.0 47.0 0.0
189.0 202.0 1.0
240.0 219.0 1.0
196.0 133.0 0.0
166.0 207.0 1.0
339.0 189.0 1.0
241.0 161.0 4.0
316.0 59.0 0.0
342.0 197.0 1.0
335.0 145.0 1.0
259.0 201.0 1.0
320.0 56.0 0.0
299.0 61.0 0.0
318.0 58.0 0.0
272.0 69.0 0.0
217.0 58.0 0.0
250.0 65.0 0.0
219.0 164.0 4.0
329.0 58.0 0.0
189.0 64.0 0.0
282.0 178.0 2.0
247.0 161.0 4.0
255.0 67.0 0.0
281.0 163.0 2.0
235.0 157.0 4.0
338.0 126.0 1.0
191.0 120.0 0.0
210.0 77.0 0.0
302.0 208.0 1.0
302.0 211.0 1.0
305.0 59.0 0.0
317.0 215.0 1.0
221.0 169.0 4.0
340.0 94.0 1.0
345.0 209.0 1.0
340.0 58.0 0.0
364.0 64.0 0.0
193.0 100.0 0.0
220.0 112.0 3.0
285.0 58.0 0.0
251.0 62.0 0.0
235.0 105.0 3.0
342.0 145.0 1.0
235.0 206.0 1.0
287.0 59.0 0.0
389.0 59.0 0.0
296.0 167.0 2.0
343.0 135.0 1.0
215.0 130.0 3.0
330.0 115.0 1.0
241.0 63.0 0.0
188.0 58.0 0.0
287.0 56.0 0.0
331.0 205.0 1.0
243.0 183.0 4.0
235.0 54.0 0.0
315.0 62.0 0.0
284.0 160.0 2.0
350.0 168.0 1.0
189.0 158.0 0.0
220.0 67.0 0.0
338.0 60.0 0.0
228.0 59.0 0.0
299.0 115.0 5.0
182.0 199.0 1.0
304.0 111.0 5.0
235.0 174.0 4.0
295.0 113.0 5.0
340.0 92.0 1.0
247.0 212.0 1.0
339.0 113.0 1.0
252.0 57.0 0.0
325.0 206.0 1.0
181.0 39.0 0.0
333.0 140.0 1.0
191.0 92.0 0.0
332.0 64.0 0.0
194.0 54.0 0.0
229.0 56.0 0.0
243.0 180.0 4.0
192.0 100.0 0.0
252.0 211.0 1.0
196.0 60.0 0.0
348.0 43.0 0.0
193.0 62.0 0.0
296.0 211.0 1.0
226.0 57.0 0.0
211.0 212.0 1.0
199.0 62.0 0.0
220.0 162.0 4.0
203.0 201.0 1.0
344.0 166.0 1.0
197.0 68.0 0.0
319.0 207.0 1.0
338.0 58.0 0.0
184.0 125.0 0.0
336.0 126.0 1.0
223.0 124.0 3.0
168.0 209.0 1.0
238.0 170.0 4.0
281.0 61.0 0.0
223.0 210.0 1.0
289.0 165.0 2.0
283.0 201.0 1.0
338.0 103.0 1.0
183.0 45.0 0.0
270.0 119.0 5.0
295.0 209.0 1.0
345.0 153.0 1.0
213.0 210.0 1.0
338.0 150.0 1.0
293.0 110.0 5.0
190.0 173.0 0.0
197.0 78.0 0.0
222.0 124.0 3.0
346.0 181.0 1.0
336.0 157.0 1.0
283.0 56.0 0.0
225.0 118.0 3.0
348.0 53.0 0.0
235.0 161.0 4.0
213.0 57.0 0.0
246.0 169.0 4.0
333.0 132.0 1.0
322.0 203.0 1.0
230.0 121.0 3.0
241.0 58.0 0.0
322.0 205.0 1.0
327.0 50.0 0.0
220.0 204.0 1.0
343.0 142.0 1.0
187.0 122.0 0.0
171.0 206.0 1.0
216.0 47.0 0.0
344.0 124.0 1.0
221.0 181.0 4.0
245.0 219.0 1.0
288.0 178.0 2.0
241.0 59.0 0.0
294.0 63.0 0.0
285.0 173.0 2.0
239.0 210.0 1.0
367.0 56.0 0.0
339.0 195.0 1.0
239.0 161.0 4.0
186.0 166.0 0.0
299.0 204.0 1.0
183.0 202.0 1.0
327.0 158.0 1.0
184.0 67.0 0.0
208.0 57.0 0.0
188.0 110.0 0.0
311.0 64.0 0.0
283.0 210.0 1.0
296.0 115.0 5.0
290.0 122.0 5.0
283.0 128.0 5.0
200.0 141.0 0.0
189.0 136.0 0.0
328.0 201.0 1.0
205.0 59.0 0.0
186.0 76.0 0.0
342.0 118.0 1.0
192.0 89.0 0.0
223.0 123.0 3.0
381.0 60.0 0.0
195.0 116.0 0.0
240.0 204.0 1.0
269.0 126.0 5.0
209.0 212.0 1.0
234.0 62.0 0.0
239.0 65.0 0.0
244.0 205.0 1.0
201.0 134.0 0.0
268.0 117.0 5.0
192.0 119.0 0.0
202.0 66.0 0.0
279.0 163.0 2.0
297.0 171.0 2.0
343.0 148.0 1.0
348.0 193.0 1.0
337.0 124.0 1.0
279.0 214.0 1.0
234.0 212.0 1.0
347.0 206.0 1.0
245.0 169.0 4.0
294.0 120.0 5.0
171.0 208.0 1.0
182.0 156.0 0.0
317.0 63.0 0.0
222.0 62.0 0.0
231.0 125.0 3.0
345.0 199.0 1.0
345.0 52.0 0.0
200.0 56.0 0.0
249.0 168.0 4.0
374.0 69.0 0.0
342.0 58.0 0.0
280.0 109.0 5.0
267.0 66.0 0.0
185.0 173.0 0.0
338.0 208.0 1.0
334.0 58.0 0.0
338.0 130.0 1.0
189.0 123.0 0.0
340.0 214.0 1.0
189.0 112.0 0.0
339.0 173.0 1.0
354.0 66.0 0.0
233.0 214.0 1.0
277.0 155.0 2.0
288.0 208.0 1.0
238.0 166.0 4.0
225.0 115.0 3.0
232.0 122.0 3.0
238.0 173.0 4.0
280.0 135.0 5.0
185.0 200.0 1.0
280.0 49.0 0.0
210.0 61.0 0.0
192.0 67.0 0.0
230.0 119.0 3.0
208.0 59.0 0.0
348.0 184.0 1.0
378.0 63.0 0.0
187.0 136.0 0.0
192.0 77.0 0.0
305.0 172.0 2.0
334.0 127.0 1.0
279.0 58.0 0.0
185.0 130.0 0.0
274.0 124.0 5.0
179.0 212.0 1.0
276.0 163.0 2.0
237.0 209.0 1.0
229.0 134.0 3.0
234.0 165.0 4.0
333.0 133.0 1.0
316.0 57.0 0.0
194.0 92.0 0.0
192.0 114.0 0.0
283.0 207.0 1.0
300.0 63.0 0.0
342.0 57.0 0.0
352.0 54.0 0.0
211.0 55.0 0.0
383.0 57.0 0.0
201.0 208.0 1.0
232.0 170.0 4.0
293.0 208.0 1.0
191.0 141.0 0.0
291.0 171.0 2.0
298.0 127.0 5.0
299.0 166.0 2.0
187.0 79.0 0.0
319.0 64.0 0.0
283.0 203.0 1.0
343.0 174.0 1.0
243.0 199.0 1.0
205.0 205.0 1.0
218.0 209.0 1.0
186.0 158.0 0.0
380.0 61.0 0.0
337.0 152.0 1.0
344.0 209.0 1.0
324.0 60.0 0.0
223.0 172.0 4.0
266.0 208.0 1.0
303.0 64.0 0.0
384.0 56.0 0.0
241.0 207.0 1.0
212.0 200.0 1.0
333.0 91.0 1.0
204.0 52.0 0.0
250.0 207.0 1.0
377.0 56.0 0.0
207.0 49.0 0.0
189.0 85.0 0.0
281.0 206.0 1.0
183.0 205.0 1.0
382.0 59.0 0.0
296.0 213.0 1.0
286.0 132.0 5.0
260.0 210.0 1.0
192.0 120.0 0.0
350.0 62.0 0.0
207.0 206.0 1.0
237.0 121.0 3.0
191.0 160.0 0.0
364.0 55.0 0.0
283.0 200.0 1.0
226.0 161.0 4.0
221.0 209.0 1.0
287.0 130.0 5.0
319.0 66.0 0.0
340.0 201.0 1.0
337.0 164.0 1.0
332.0 210.0 1.0
189.0 134.0 0.0
227.0 208.0 1.0
238.0 127.0 3.0
331.0 60.0 0.0
298.0 60.0 0.0
278.0 202.0 1.0
196.0 95.0 0.0
190.0 86.0 0.0
290.0 120.0 5.0
342.0 143.0 1.0
291.0 211.0 1.0
262.0 59.0 0.0
236.0 58.0 0.0
288.0 114.0 5.0
225.0 210.0 1.0
192.0 159.0 0.0
178.0 209.0 1.0
236.0 119.0 3.0
344.0 113.0 1.0
191.0 65.0 0.0
269.0 112.0 5.0
188.0 167.0 0.0
333.0 154.0 1.0
208.0 60.0 0.0
294.0 175.0 2.0
207.0 220.0 1.0
302.0 61.0 0.0
240.0 183.0 4.0
260.0 206.0 1.0
192.0 150.0 0.0
262.0 211.0 1.0
247.0 59.0 0.0
186.0 130.0 0.0
170.0 210.0 1.0
321.0 65.0 0.0
184.0 196.0 1.0
342.0 139.0 1.0
294.0 169.0 2.0
299.0 178.0 2.0
263.0 209.0 1.0
184.0 75.0 0.0
353.0 56.0 0.0
375.0 59.0 0.0
228.0 198.0 1.0
338.0 148.0 1.0
286.0 114.0 5.0
249.0 57.0 0.0
257.0 62.0 0.0
225.0 64.0 0.0
234.0 215.0 1.0
222.0 159.0 4.0
282.0 57.0 0.0
188.0 154.0 0.0
279.0 123.0 5.0
244.0 210.0 1.0
188.0 97.0 0.0
260.0 202.0 1.0
248.0 115.0 3.0
334.0 202.0 1.0
323.0 213.0 1.0
203.0 53.0 0.0
331.0 57.0 0.0
344.0 154.0 1.0
277.0 58.0 0.0
255.0 217.0 1.0
191.0 60.0 0.0
270.0 56.0 0.0
269.0 135.0 5.0
213.0 121.0 3.0
190.0 169.0 0.0
242.0 204.0 1.0
184.0 76.0 0.0
189.0 102.0 0.0
222.0 64.0 0.0
224.0 175.0 4.0
275.0 114.0 5.0
286.0 121.0 5.0
188.0 205.0 1.0
344.0 52.0 0.0
331.0 50.0 0.0
196.0 98.0 0.0
253.0 207.0 1.0
335.0 111.0 1.0
295.0 164.0 2.0
288.0 63.0 0.0
231.0 62.0 0.0
219.0 55.0 0.0
265.0 210.0 1.0
188.0 74.0 0.0
334.0 167.0 1.0
335.0 93.0 1.0
332.0 60.0 0.0
244.0 209.0 1.0
256.0 74.0 0.0
341.0 119.0 1.0
338.0 104.0 1.0
285.0 131.0 5.0
281.0 212.0 1.0
231.0 121.0 3.0
340.0 110.0 1.0
187.0 126.0 0.0
306.0 199.0 1.0
185.0 212.0 1.0
289.0 175.0 2.0
188.0 161.0 0.0
298.0 178.0 2.0
323.0 48.0 0.0
246.0 61.0 0.0
221.0 136.0 3.0
187.0 86.0 0.0
301.0 47.0 0.0
310.0 171.0 2.0
340.0 47.0 0.0
211.0 202.0 1.0
188.0 151.0 0.0
279.0 56.0 0.0
199.0 66.0 0.0
212.0 47.0 0.0
329.0 212.0 1.0
295.0 168.0 2.0
291.0 117.0 5.0
209.0 209.0 1.0
183.0 131.0 0.0
288.0 112.0 5.0
190.0 57.0 0.0
222.0 207.0 1.0
200.0 68.0 0.0
185.0 117.0 0.0
276.0 174.0 2.0
187.0 109.0 0.0
286.0 177.0 2.0
286.0 128.0 5.0
283.0 178.0 2.0
191.0 72.0 0.0
190.0 175.0 0.0
338.0 175.0 1.0
199.0 154.0 0.0
187.0 127.0 0.0
230.0 58.0 0.0
391.0 62.0 0.0
198.0 62.0 0.0
338.0 212.0 1.0
189.0 79.0 0.0
191.0 107.0 0.0
189.0 161.0 0.0
331.0 154.0 1.0
208.0 53.0 0.0
277.0 61.0 0.0
293.0 60.0 0.0
237.0 182.0 4.0
302.0 216.0 1.0
343.0 179.0 1.0
198.0 208.0 1.0
233.0 106.0 3.0
282.0 120.0 5.0
192.0 72.0 0.0
353.0 142.0 1.0
226.0 136.0 3.0
286.0 161.0 2.0
186.0 122.0 0.0
302.0 180.0 2.0
351.0 60.0 0.0
234.0 123.0 3.0
238.0 72.0 0.0
175.0 205.0 1.0
261.0 64.0 0.0
191.0 75.0 0.0
182.0 119.0 0.0
270.0 196.0 1.0
216.0 62.0 0.0
240.0 58.0 0.0
299.0 180.0 2.0
300.0 173.0 2.0
253.0 64.0 0.0
194.0 202.0 1.0
188.0 112.0 0.0
193.0 147.0 0.0
271.0 212.0 1.0
342.0 179.0 1.0
199.0 70.0 0.0
195.0 117.0 0.0
374.0 61.0 0.0
272.0 58.0 0.0
339.0 194.0 1.0
188.0 82.0 0.0
214.0 56.0 0.0
190.0 85.0 0.0
169.0 214.0 1.0
311.0 212.0 1.0
185.0 102.0 0.0
315.0 209.0 1.0
333.0 206.0 1.0
259.0 206.0 1.0
336.0 149.0 1.0
336.0 164.0 1.0
195.0 61.0 0.0
321.0 210.0 1.0
351.0 52.0 0.0
348.0 62.0 0.0
222.0 50.0 0.0
184.0 198.0 1.0
224.0 119.0 3.0
287.0 115.0 5.0
228.0 51.0 0.0
189.0 164.0 0.0
186.0 202.0 1.0
186.0 84.0 0.0
194.0 93.0 0.0
288.0 131.0 5.0
285.0 69.0 0.0
235.0 67.0 0.0
245.0 116.0 3.0
334.0 59.0 0.0
297.0 161.0 2.0
233.0 172.0 4.0
332.0 55.0 0.0
211.0 209.0 1.0
234.0 174.0 4.0
369.0 58.0 0.0
194.0 131.0 0.0
339.0 197.0 1.0
199.0 155.0 0.0
302.0 168.0 2.0
345.0 129.0 1.0
280.0 169.0 2.0
181.0 207.0 1.0
243.0 117.0 3.0
243.0 109.0 3.0
219.0 160.0 4.0
339.0 108.0 1.0
300.0 208.0 1.0
331.0 63.0 0.0
214.0 118.0 3.0
197.0 86.0 0.0
236.0 185.0 4.0
200.0 216.0 1.0
218.0 55.0 0.0
323.0 208.0 1.0
282.0 124.0 5.0
324.0 56.0 0.0
343.0 155.0 1.0
244.0 65.0 0.0
187.0 183.0 0.0
218.0 174.0 4.0
239.0 115.0 3.0
336.0 123.0 1.0
254.0 211.0 1.0
288.0 209.0 1.0
275.0 115.0 5.0
281.0 109.0 5.0
323.0 61.0 0.0
209.0 56.0 0.0
347.0 170.0 1.0
323.0 204.0 1.0
316.0 207.0 1.0
336.0 124.0 1.0
175.0 206.0 1.0
244.0 211.0 1.0
208.0 54.0 0.0
191.0 174.0 0.0
309.0 214.0 1.0
284.0 164.0 2.0
237.0 58.0 0.0
373.0 56.0 0.0
311.0 209.0 1.0
295.0 178.0 2.0
290.0 113.0 5.0
261.0 65.0 0.0
232.0 204.0 1.0
296.0 207.0 1.0
293.0 172.0 2.0
234.0 114.0 3.0
269.0 211.0 1.0
259.0 57.0 0.0
239.0 116.0 3.0
303.0 219.0 1.0
240.0 62.0 0.0
366.0 61.0 0.0
197.0 118.0 0.0
329.0 210.0 1.0
339.0 158.0 1.0
336.0 206.0 1.0
234.0 130.0 3.0
337.0 158.0 1.0
187.0 114.0 0.0
280.0 167.0 2.0
287.0 121.0 5.0
257.0 215.0 1.0
246.0 199.0 1.0
232.0 156.0 4.0
376.0 52.0 0.0
334.0 124.0 1.0
212.0 206.0 1.0
186.0 59.0 0.0
242.0 51.0 0.0
198.0 204.0 1.0
333.0 217.0 1.0
334.0 151.0 1.0
255.0 59.0 0.0
254.0 215.0 1.0
342.0 124.0 1.0
274.0 206.0 1.0
338.0 144.0 1.0
344.0 158.0 1.0
301.0 53.0 0.0
306.0 205.0 1.0
235.0 60.0 0.0
186.0 204.0 1.0
252.0 204.0 1.0
279.0 112.0 5.0
285.0 204.0 1.0
344.0 204.0 1.0
219.0 130.0 3.0
283.0 61.0 0.0
230.0 173.0 4.0
343.0 168.0 1.0
299.0 198.0 1.0
222.0 212.0 1.0
239.0 118.0 3.0
205.0 206.0 1.0
277.0 210.0 1.0
296.0 204.0 1.0
327.0 52.0 0.0
211.0 206.0 1.0
214.0 62.0 0.0
332.0 214.0 1.0
292.0 210.0 1.0
188.0 204.0 1.0
238.0 157.0 4.0
254.0 56.0 0.0
215.0 207.0 1.0
307.0 57.0 0.0
290.0 214.0 1.0
337.0 203.0 1.0
240.0 216.0 1.0
193.0 205.0 1.0
311.0 63.0 0.0
289.0 114.0 5.0
314.0 58.0 0.0
234.0 110.0 3.0
242.0 117.0 3.0
223.0 213.0 1.0
287.0 110.0 5.0
288.0 58.0 0.0
239.0 61.0 0.0
158.0 211.0 1.0
293.0 203.0 1.0
273.0 61.0 0.0
290.0 57.0 0.0
325.0 204.0 1.0
301.0 59.0 0.0
338.0 165.0 1.0
197.0 59.0 0.0
186.0 80.0 0.0
190.0 69.0 0.0
292.0 134.0 5.0
258.0 206.0 1.0
191.0 114.0 0.0
370.0 45.0 0.0
338.0 137.0 1.0
341.0 91.0 1.0
314.0 209.0 1.0
335.0 102.0 1.0
298.0 53.0 0.0
203.0 49.0 0.0
191.0 56.0 0.0
242.0 161.0 4.0
177.0 147.0 0.0
255.0 72.0 0.0
350.0 58.0 0.0
238.0 61.0 0.0
318.0 70.0 0.0
341.0 195.0 1.0
162.0 212.0 1.0
187.0 163.0 0.0
255.0 64.0 0.0
201.0 205.0 1.0
194.0 96.0 0.0
239.0 176.0 4.0
283.0 206.0 1.0
339.0 156.0 1.0
341.0 184.0 1.0
204.0 203.0 1.0
339.0 142.0 1.0
333.0 210.0 1.0
301.0 112.0 5.0
190.0 148.0 0.0
199.0 54.0 0.0
337.0 201.0 1.0
232.0 56.0 0.0
218.0 58.0 0.0
183.0 58.0 0.0
279.0 180.0 2.0
191.0 112.0 0.0
235.0 115.0 3.0
186.0 73.0 0.0
368.0 59.0 0.0
335.0 92.0 1.0
229.0 170.0 4.0
187.0 105.0 0.0
306.0 201.0 1.0
280.0 131.0 5.0
339.0 140.0 1.0
328.0 210.0 1.0
257.0 210.0 1.0
239.0 62.0 0.0
187.0 94.0 0.0
280.0 129.0 5.0
332.0 57.0 0.0
166.0 206.0 1.0
223.0 211.0 1.0
258.0 210.0 1.0
275.0 54.0 0.0
234.0 204.0 1.0
273.0 205.0 1.0
334.0 162.0 1.0
211.0 63.0 0.0
359.0 53.0 0.0
201.0 80.0 0.0
188.0 102.0 0.0
199.0 101.0 0.0
195.0 159.0 0.0
340.0 163.0 1.0
232.0 213.0 1.0
324.0 156.0 1.0
193.0 86.0 0.0
337.0 186.0 1.0
352.0 61.0 0.0
286.0 166.0 2.0
210.0 207.0 1.0
220.0 128.0 3.0
299.0 63.0 0.0
223.0 63.0 0.0
225.0 110.0 3.0
281.0 158.0 2.0
269.0 62.0 0.0
329.0 57.0 0.0
227.0 58.0 0.0
339.0 180.0 1.0
316.0 60.0 0.0
332.0 213.0 1.0
290.0 160.0 2.0
275.0 118.0 5.0
188.0 54.0 0.0
199.0 167.0 0.0
183.0 211.0 1.0
289.0 173.0 2.0
343.0 115.0 1.0
350.0 189.0 1.0
218.0 113.0 3.0
258.0 211.0 1.0
323.0 65.0 0.0
322.0 214.0 1.0
339.0 151.0 1.0
216.0 55.0 0.0
314.0 56.0 0.0
247.0 201.0 1.0
262.0 214.0 1.0
342.0 115.0 1.0
252.0 55.0 0.0
300.0 167.0 2.0
280.0 112.0 5.0
230.0 57.0 0.0
312.0 210.0 1.0
274.0 210.0 1.0
200.0 209.0 1.0
333.0 199.0 1.0
282.0 125.0 5.0
293.0 115.0 5.0
219.0 124.0 3.0
299.0 132.0 5.0
292.0 168.0 2.0
376.0 61.0 0.0
235.0 58.0 0.0
229.0 67.0 0.0
235.0 120.0 3.0
231.0 215.0 1.0
267.0 204.0 1.0
344.0 60.0 0.0
321.0 55.0 0.0
311.0 208.0 1.0
312.0 207.0 1.0
220.0 201.0 1.0
250.0 68.0 0.0
193.0 134.0 0.0
273.0 58.0 0.0
241.0 163.0 4.0
240.0 116.0 3.0
254.0 49.0 0.0
275.0 120.0 5.0
291.0 56.0 0.0
319.0 62.0 0.0
282.0 59.0 0.0
341.0 202.0 1.0
218.0 207.0 1.0
230.0 180.0 4.0
188.0 209.0 1.0
188.0 207.0 1.0
288.0 53.0 0.0
243.0 206.0 1.0
288.0 211.0 1.0
259.0 209.0 1.0
275.0 59.0 0.0
335.0 183.0 1.0
317.0 204.0 1.0
298.0 58.0 0.0
298.0 129.0 5.0
234.0 172.0 4.0
232.0 212.0 1.0
188.0 149.0 0.0
186.0 99.0 0.0
282.0 113.0 5.0
233.0 178.0 4.0
335.0 211.0 1.0
197.0 69.0 0.0
221.0 211.0 1.0
222.0 174.0 4.0
343.0 202.0 1.0
337.0 193.0 1.0
185.0 169.0 0.0
251.0 181.0 4.0
216.0 195.0 1.0
288.0 55.0 0.0
180.0 133.0 0.0
259.0 58.0 0.0
338.0 213.0 1.0
276.0 64.0 0.0
240.0 212.0 1.0
360.0 53.0 0.0
324.0 58.0 0.0
346.0 60.0 0.0
320.0 59.0 0.0
244.0 59.0 0.0
266.0 57.0 0.0
228.0 165.0 4.0
346.0 117.0 1.0
328.0 209.0 1.0
184.0 127.0 0.0
224.0 106.0 3.0
224.0 113.0 3.0
199.0 206.0 1.0
190.0 166.0 0.0
310.0 59.0 0.0
188.0 210.0 1.0
314.0 210.0 1.0
283.0 185.0 2.0
290.0 61.0 0.0
250.0 161.0 4.0
223.0 59.0 0.0
340.0 144.0 1.0
189.0 99.0 0.0
250.0 169.0 4.0
188.0 139.0 0.0
326.0 60.0 0.0
331.0 103.0 1.0
338.0 63.0 0.0
330.0 212.0 1.0
344.0 111.0 1.0
187.0 108.0 0.0
189.0 142.0 0.0
187.0 81.0 0.0
342.0 105.0 1.0
305.0 211.0 1.0
268.0 207.0 1.0
189.0 108.0 0.0
194.0 68.0 0.0
179.0 63.0 0.0
245.0 162.0 4.0
191.0 110.0 0.0
235.0 112.0 3.0
179.0 202.0 1.0
288.0 113.0 5.0
351.0 59.0 0.0
285.0 181.0 2.0
260.0 61.0 0.0
199.0 196.0 1.0
286.0 158.0 2.0
334.0 221.0 1.0
189.0 144.0 0.0
215.0 114.0 3.0
332.0 117.0 1.0
370.0 61.0 0.0
263.0 56.0 0.0
241.0 172.0 4.0
271.0 115.0 5.0
194.0 59.0 0.0
184.0 179.0 0.0
332.0 131.0 1.0
251.0 208.0 1.0
227.0 183.0 4.0
275.0 213.0 1.0
342.0 152.0 1.0
341.0 143.0 1.0
342.0 176.0 1.0
252.0 201.0 1.0
236.0 170.0 4.0
300.0 211.0 1.0
341.0 175.0 1.0
233.0 164.0 4.0
334.0 207.0 1.0
293.0 163.0 2.0
190.0 93.0 0.0
282.0 110.0 5.0
341.0 132.0 1.0
343.0 56.0 0.0
241.0 66.0 0.0
239.0 209.0 1.0
281.0 58.0 0.0
347.0 195.0 1.0
191.0 96.0 0.0
280.0 127.0 5.0
277.0 171.0 2.0
184.0 104.0 0.0
176.0 216.0 1.0
331.0 209.0 1.0
190.0 131.0 0.0
252.0 209.0 1.0
242.0 110.0 3.0
292.0 109.0 5.0
326.0 55.0 0.0
186.0 119.0 0.0
188.0 127.0 0.0
347.0 137.0 1.0
190.0 196.0 1.0
335.0 152.0 1.0
192.0 175.0 0.0
180.0 83.0 0.0
230.0 62.0 0.0
339.0 120.0 1.0
225.0 111.0 3.0
193.0 91.0 0.0
220.0 121.0 3.0
321.0 207.0 1.0
187.0 176.0 0.0
386.0 60.0 0.0
339.0 163.0 1.0
301.0 125.0 5.0
273.0 107.0 5.0
237.0 117.0 3.0
336.0 119.0 1.0
291.0 180.0 2.0
266.0 207.0 1.0
276.0 166.0 2.0
337.0 178.0 1.0
177.0 88.0 0.0
290.0 116.0 5.0
188.0 158.0 0.0
273.0 117.0 5.0
294.0 213.0 1.0
239.0 169.0 4.0
257.0 208.0 1.0
267.0 203.0 1.0
337.0 129.0 1.0
231.0 170.0 4.0
281.0 112.0 5.0
187.0 123.0 0.0
243.0 205.0 1.0
306.0 172.0 2.0
280.0 173.0 2.0
197.0 210.0 1.0
189.0 78.0 0.0
304.0 59.0 0.0
218.0 206.0 1.0
333.0 102.0 1.0
232.0 114.0 3.0
283.0 129.0 5.0
321.0 61.0 0.0
194.0 211.0 1.0
309.0 55.0 0.0
301.0 158.0 2.0
185.0 57.0 0.0
339.0 206.0 1.0
342.0 60.0 0.0
234.0 60.0 0.0
311.0 57.0 0.0
193.0 184.0 0.0
222.0 56.0 0.0
217.0 121.0 3.0
296.0 165.0 2.0
331.0 123.0 1.0
296.0 168.0 2.0
193.0 164.0 0.0
251.0 203.0 1.0
292.0 122.0 5.0
296.0 64.0 0.0
179.0 164.0 0.0
288.0 115.0 5.0
195.0 166.0 0.0
245.0 183.0 4.0
168.0 206.0 1.0
262.0 56.0 0.0
285.0 60.0 0.0
185.0 204.0 1.0
246.0 187.0 4.0
284.0 172.0 2.0
378.0 60.0 0.0
286.0 168.0 2.0
285.0 57.0 0.0
247.0 166.0 4.0
334.0 200.0 1.0
228.0 177.0 4.0
190.0 158.0 0.0
293.0 128.0 5.0
242.0 113.0 3.0
231.0 169.0 4.0
187.0 111.0 0.0
241.0 211.0 1.0
273.0 125.0 5.0
342.0 189.0 1.0
186.0 53.0 0.0
206.0 202.0 1.0
187.0 57.0 0.0
176.0 219.0 1.0
332.0 164.0 1.0
344.0 199.0 1.0
227.0 115.0 3.0
205.0 203.0 1.0
339.0 162.0 1.0
207.0 216.0 1.0
189.0 53.0 0.0
271.0 213.0 1.0
204.0 208.0 1.0
277.0 172.0 2.0
341.0 65.0 0.0
208.0 203.0 1.0
252.0 216.0 1.0
314.0 67.0 0.0
192.0 147.0 0.0
298.0 59.0 0.0
289.0 211.0 1.0
336.0 108.0 1.0
188.0 96.0 0.0
342.0 121.0 1.0
317.0 210.0 1.0
228.0 208.0 1.0
205.0 209.0 1.0
270.0 110.0 5.0
240.0 46.0 0.0
248.0 169.0 4.0
275.0 209.0 1.0
301.0 202.0 1.0
293.0 158.0 2.0
296.0 164.0 2.0
261.0 59.0 0.0
277.0 138.0 5.0
292.0 62.0 0.0
357.0 59.0 0.0
285.0 117.0 5.0
276.0 213.0 1.0
246.0 170.0 4.0
197.0 63.0 0.0
190.0 95.0 0.0
185.0 122.0 0.0
234.0 55.0 0.0
270.0 113.0 5.0
342.0 55.0 0.0
232.0 118.0 3.0
210.0 115.0 3.0
185.0 118.0 0.0
288.0 160.0 2.0
215.0 208.0 1.0
246.0 168.0 4.0
291.0 161.0 2.0
194.0 94.0 0.0
183.0 156.0 0.0
320.0 58.0 0.0
192.0 160.0 0.0
267.0 59.0 0.0
355.0 64.0 0.0
335.0 193.0 1.0
285.0 127.0 5.0
345.0 55.0 0.0
208.0 74.0 0.0
198.0 60.0 0.0
192.0 142.0 0.0
244.0 109.0 3.0
338.0 141.0 1.0
341.0 136.0 1.0
285.0 212.0 1.0
351.0 62.0 0.0
187.0 78.0 0.0
250.0 202.0 1.0
178.0 201.0 1.0
296.0 171.0 2.0
266.0 55.0 0.0
337.0 142.0 1.0
224.0 58.0 0.0
237.0 213.0 1.0
188.0 121.0 0.0
191.0 167.0 0.0
240.0 111.0 3.0
226.0 159.0 4.0
226.0 135.0 3.0
235.0 63.0 0.0
239.0 113.0 3.0
308.0 210.0 1.0
314.0 59.0 0.0
214.0 50.0 0.0
270.0 214.0 1.0
293.0 56.0 0.0
236.0 165.0 4.0
249.0 163.0 4.0
368.0 63.0 0.0
296.0 118.0 5.0
186.0 56.0 0.0
257.0 58.0 0.0
218.0 171.0 4.0
335.0 53.0 0.0
244.0 56.0 0.0
277.0 115.0 5.0
186.0 150.0 0.0
246.0 156.0 4.0
184.0 167.0 0.0
257.0 203.0 1.0
226.0 169.0 4.0
365.0 56.0 0.0
257.0 211.0 1.0
343.0 183.0 1.0
189.0 88.0 0.0
185.0 136.0 0.0
227.0 210.0 1.0
338.0 201.0 1.0
240.0 105.0 3.0
196.0 119.0 0.0
333.0 108.0 1.0
231.0 164.0 4.0
337.0 133.0 1.0
287.0 211.0 1.0
231.0 209.0 1.0
193.0 88.0 0.0
282.0 172.0 2.0
329.0 60.0 0.0
244.0 167.0 4.0
255.0 202.0 1.0
298.0 210.0 1.0
346.0 192.0 1.0
228.0 55.0 0.0
238.0 209.0 1.0
