0.0 0.0 0.0
0.125 0.0 0.0
0.25 0.0 0.0
0.375 0.0 0.0
0.5 0.0 0.0
0.625 0.0 0.0
0.75 0.0 0.0
0.875 0.0 0.0
1.0 0.0 0.0
0.0 0.125 0.0
0.125 0.125 0.0
0.25 0.125 0.0
0.375 0.125 0.0
0.5 0.125 0.0
0.625 0.125 0.0
0.75 0.125 0.0
0.875 0.125 0.0
1.0 0.125 0.0
0.0 0.25 0.0
0.125 0.25 0.0
0.25 0.25 0.0
0.375 0.25 0.0
0.5 0.25 0.0
0.625 0.25 0.0
0.75 0.25 0.0
0.875 0.25 0.0
1.0 0.25 0.0
0.0 0.375 0.0
0.125 0.375 0.0
0.25 0.375 0.0
0.375 0.375 0.0
0.5 0.375 0.0
0.625 0.375 0.0
0.75 0.375 0.0
0.875 0.375 0.0
1.0 0.375 0.0
0.0 0.5 0.0
0.125 0.5 0.0
0.25 0.5 0.0
0.375 0.5 0.0
0.5 0.5 0.0
0.625 0.5 0.0
0.75 0.5 0.0
0.875 0.5 0.0
1.0 0.5 0.0
0.0 0.625 0.0
0.125 0.625 0.0
0.25 0.625 0.0
0.375 0.625 0.0
0.5 0.625 0.0
0.625 0.625 0.0
0.75 0.625 0.0
0.875 0.625 0.0
1.0 0.625 0.0
0.0 0.75 0.0
0.125 0.75 0.0
0.25 0.75 0.0
0.375 0.75 0.0
0.5 0.75 0.0
0.625 0.75 0.0
0.75 0.75 0.0
0.875 0.75 0.0
1.0 0.75 0.0
0.0 0.875 0.0
0.125 0.875 0.0
0.25 0.875 0.0
0.375 0.875 0.0
0.5 0.875 0.0
0.625 0.875 0.0
0.75 0.875 0.0
0.875 0.875 0.0
1.0 0.875 0.0
0.0 1.0 0.0
0.125 1.0 0.0
0.25 1.0 0.0
0.375 1.0 0.0
0.5 1.0 0.0
0.625 1.0 0.0
0.75 1.0 0.0
0.875 1.0 0.0
1.0 1.0 0.0
2.0 0.0 3.0
2.090909091 0.0 3.0
2.1818181819999998 0.0 3.0
2.272727273 0.0 3.0
2.363636364 0.0 3.0
2.454545455 0.0 3.0
2.545454545 0.0 3.0
2.636363636 0.0 3.0
2.727272727 0.0 3.0
2.8181818180000002 0.0 3.0
2.9090909089999997 0.0 3.0
3.0 0.0 3.0
2.0 0.090909091 3.0
2.090909091 0.090909091 3.0
2.1818181819999998 0.090909091 3.0
2.272727273 0.090909091 3.0
2.363636364 0.090909091 3.0
2.454545455 0.090909091 3.0
2.545454545 0.090909091 3.0
2.636363636 0.090909091 3.0
2.727272727 0.090909091 3.0
2.8181818180000002 0.090909091 3.0
2.9090909089999997 0.090909091 3.0
3.0 0.090909091 3.0
2.0 0.181818182 3.0
2.090909091 0.181818182 3.0
2.1818181819999998 0.181818182 3.0
2.272727273 0.181818182 3.0
2.363636364 0.181818182 3.0
2.454545455 0.181818182 3.0
2.545454545 0.181818182 3.0
2.636363636 0.181818182 3.0
2.727272727 0.181818182 3.0
2.8181818180000002 0.181818182 3.0
2.9090909089999997 0.181818182 3.0
3.0 0.181818182 3.0
2.0 0.272727273 3.0
2.090909091 0.272727273 3.0
2.1818181819999998 0.272727273 3.0
2.272727273 0.272727273 3.0
2.363636364 0.272727273 3.0
2.454545455 0.272727273 3.0
2.545454545 0.272727273 3.0
2.636363636 0.272727273 3.0
2.727272727 0.272727273 3.0
2.8181818180000002 0.272727273 3.0
2.9090909089999997 0.272727273 3.0
3.0 0.272727273 3.0
2.0 0.363636364 3.0
2.090909091 0.363636364 3.0
2.1818181819999998 0.363636364 3.0
2.272727273 0.363636364 3.0
2.363636364 0.363636364 3.0
2.454545455 0.363636364 3.0
2.545454545 0.363636364 3.0
2.636363636 0.363636364 3.0
2.727272727 0.363636364 3.0
2.8181818180000002 0.363636364 3.0
2.9090909089999997 0.363636364 3.0
3.0 0.363636364 3.0
2.0 0.454545455 3.0
2.090909091 0.454545455 3.0
2.1818181819999998 0.454545455 3.0
2.272727273 0.454545455 3.0
2.363636364 0.454545455 3.0
2.454545455 0.454545455 3.0
2.545454545 0.454545455 3.0
2.636363636 0.454545455 3.0
2.727272727 0.454545455 3.0
2.8181818180000002 0.454545455 3.0
2.9090909089999997 0.454545455 3.0
3.0 0.454545455 3.0
2.0 0.545454545 3.0
2.090909091 0.545454545 3.0
2.1818181819999998 0.545454545 3.0
2.272727273 0.545454545 3.0
2.363636364 0.545454545 3.0
2.454545455 0.545454545 3.0
2.545454545 0.545454545 3.0
2.636363636 0.545454545 3.0
2.727272727 0.545454545 3.0
2.8181818180000002 0.545454545 3.0
2.9090909089999997 0.545454545 3.0
3.0 0.545454545 3.0
2.0 0.636363636 3.0
2.090909091 0.636363636 3.0
2.1818181819999998 0.636363636 3.0
2.272727273 0.636363636 3.0
2.363636364 0.636363636 3.0
2.454545455 0.636363636 3.0
2.545454545 0.636363636 3.0
2.636363636 0.636363636 3.0
2.727272727 0.636363636 3.0
2.8181818180000002 0.636363636 3.0
2.9090909089999997 0.636363636 3.0
3.0 0.636363636 3.0
2.0 0.727272727 3.0
2.090909091 0.727272727 3.0
2.1818181819999998 0.727272727 3.0
2.272727273 0.727272727 3.0
2.363636364 0.727272727 3.0
2.454545455 0.727272727 3.0
2.545454545 0.727272727 3.0
2.636363636 0.727272727 3.0
2.727272727 0.727272727 3.0
2.8181818180000002 0.727272727 3.0
2.9090909089999997 0.727272727 3.0
3.0 0.727272727 3.0
2.0 0.818181818 3.0
2.090909091 0.818181818 3.0
2.1818181819999998 0.818181818 3.0
2.272727273 0.818181818 3.0
2.363636364 0.818181818 3.0
2.454545455 0.818181818 3.0
2.545454545 0.818181818 3.0
2.636363636 0.818181818 3.0
2.727272727 0.818181818 3.0
2.8181818180000002 0.818181818 3.0
2.9090909089999997 0.818181818 3.0
3.0 0.818181818 3.0
2.0 0.9090909090000001 3.0
2.090909091 0.9090909090000001 3.0
2.1818181819999998 0.9090909090000001 3.0
2.272727273 0.9090909090000001 3.0
2.363636364 0.9090909090000001 3.0
2.454545455 0.9090909090000001 3.0
2.545454545 0.9090909090000001 3.0
2.636363636 0.9090909090000001 3.0
2.727272727 0.9090909090000001 3.0
2.8181818180000002 0.9090909090000001 3.0
2.9090909089999997 0.9090909090000001 3.0
3.0 0.9090909090000001 3.0
2.0 1.0 3.0
2.090909091 1.0 3.0
2.1818181819999998 1.0 3.0
2.272727273 1.0 3.0
2.363636364 1.0 3.0
2.454545455 1.0 3.0
2.545454545 1.0 3.0
2.636363636 1.0 3.0
2.727272727 1.0 3.0
2.8181818180000002 1.0 3.0
2.9090909089999997 1.0 3.0
3.0 1.0 3.0
0.0 2.0 2.0
0.0625 2.0 2.0
0.125 2.0 2.0
0.1875 2.0 2.0
0.25 2.0 2.0
0.3125 2.0 2.0
0.375 2.0 2.0
0.4375 2.0 2.0
0.5 2.0 2.0
0.5625 2.0 2.0
0.625 2.0 2.0
0.6875 2.0 2.0
0.75 2.0 2.0
0.8125 2.0 2.0
0.875 2.0 2.0
0.9375 2.0 2.0
1.0 2.0 2.0
0.0 2.0625 2.0
0.0625 2.0625 2.0
0.125 2.0625 2.0
0.1875 2.0625 2.0
0.25 2.0625 2.0
0.3125 2.0625 2.0
0.375 2.0625 2.0
0.4375 2.0625 2.0
0.5 2.0625 2.0
0.5625 2.0625 2.0
0.625 2.0625 2.0
0.6875 2.0625 2.0
0.75 2.0625 2.0
0.8125 2.0625 2.0
0.875 2.0625 2.0
0.9375 2.0625 2.0
1.0 2.0625 2.0
0.0 2.125 2.0
0.0625 2.125 2.0
0.125 2.125 2.0
0.1875 2.125 2.0
0.25 2.125 2.0
0.3125 2.125 2.0
0.375 2.125 2.0
0.4375 2.125 2.0
0.5 2.125 2.0
0.5625 2.125 2.0
0.625 2.125 2.0
0.6875 2.125 2.0
0.75 2.125 2.0
0.8125 2.125 2.0
0.875 2.125 2.0
0.9375 2.125 2.0
1.0 2.125 2.0
0.0 2.1875 2.0
0.0625 2.1875 2.0
0.125 2.1875 2.0
0.1875 2.1875 2.0
0.25 2.1875 2.0
0.3125 2.1875 2.0
0.375 2.1875 2.0
0.4375 2.1875 2.0
0.5 2.1875 2.0
0.5625 2.1875 2.0
0.625 2.1875 2.0
0.6875 2.1875 2.0
0.75 2.1875 2.0
0.8125 2.1875 2.0
0.875 2.1875 2.0
0.9375 2.1875 2.0
1.0 2.1875 2.0
0.0 2.25 2.0
0.0625 2.25 2.0
0.125 2.25 2.0
0.1875 2.25 2.0
0.25 2.25 2.0
0.3125 2.25 2.0
0.375 2.25 2.0
0.4375 2.25 2.0
0.5 2.25 2.0
0.5625 2.25 2.0
0.625 2.25 2.0
0.6875 2.25 2.0
0.75 2.25 2.0
0.8125 2.25 2.0
0.875 2.25 2.0
0.9375 2.25 2.0
1.0 2.25 2.0
0.0 2.3125 2.0
0.0625 2.3125 2.0
0.125 2.3125 2.0
0.1875 2.3125 2.0
0.25 2.3125 2.0
0.3125 2.3125 2.0
0.375 2.3125 2.0
0.4375 2.3125 2.0
0.5 2.3125 2.0
0.5625 2.3125 2.0
0.625 2.3125 2.0
0.6875 2.3125 2.0
0.75 2.3125 2.0
0.8125 2.3125 2.0
0.875 2.3125 2.0
0.9375 2.3125 2.0
1.0 2.3125 2.0
0.0 2.375 2.0
0.0625 2.375 2.0
0.125 2.375 2.0
0.1875 2.375 2.0
0.25 2.375 2.0
0.3125 2.375 2.0
0.375 2.375 2.0
0.4375 2.375 2.0
0.5 2.375 2.0
0.5625 2.375 2.0
0.625 2.375 2.0
0.6875 2.375 2.0
0.75 2.375 2.0
0.8125 2.375 2.0
0.875 2.375 2.0
0.9375 2.375 2.0
1.0 2.375 2.0
0.0 2.4375 2.0
0.0625 2.4375 2.0
0.125 2.4375 2.0
0.1875 2.4375 2.0
0.25 2.4375 2.0
0.3125 2.4375 2.0
0.375 2.4375 2.0
0.4375 2.4375 2.0
0.5 2.4375 2.0
0.5625 2.4375 2.0
0.625 2.4375 2.0
0.6875 2.4375 2.0
0.75 2.4375 2.0
0.8125 2.4375 2.0
0.875 2.4375 2.0
0.9375 2.4375 2.0
1.0 2.4375 2.0
0.0 2.5 2.0
0.0625 2.5 2.0
0.125 2.5 2.0
0.1875 2.5 2.0
0.25 2.5 2.0
0.3125 2.5 2.0
0.375 2.5 2.0
0.4375 2.5 2.0
0.5 2.5 2.0
0.5625 2.5 2.0
0.625 2.5 2.0
0.6875 2.5 2.0
0.75 2.5 2.0
0.8125 2.5 2.0
0.875 2.5 2.0
0.9375 2.5 2.0
1.0 2.5 2.0
0.0 2.5625 2.0
0.0625 2.5625 2.0
0.125 2.5625 2.0
0.1875 2.5625 2.0
0.25 2.5625 2.0
0.3125 2.5625 2.0
0.375 2.5625 2.0
0.4375 2.5625 2.0
0.5 2.5625 2.0
0.5625 2.5625 2.0
0.625 2.5625 2.0
0.6875 2.5625 2.0
0.75 2.5625 2.0
0.8125 2.5625 2.0
0.875 2.5625 2.0
0.9375 2.5625 2.0
1.0 2.5625 2.0
0.0 2.625 2.0
0.0625 2.625 2.0
0.125 2.625 2.0
0.1875 2.625 2.0
0.25 2.625 2.0
0.3125 2.625 2.0
0.375 2.625 2.0
0.4375 2.625 2.0
0.5 2.625 2.0
0.5625 2.625 2.0
0.625 2.625 2.0
0.6875 2.625 2.0
0.75 2.625 2.0
0.8125 2.625 2.0
0.875 2.625 2.0
0.9375 2.625 2.0
1.0 2.625 2.0
0.0 2.6875 2.0
0.0625 2.6875 2.0
0.125 2.6875 2.0
0.1875 2.6875 2.0
0.25 2.6875 2.0
0.3125 2.6875 2.0
0.375 2.6875 2.0
0.4375 2.6875 2.0
0.5 2.6875 2.0
0.5625 2.6875 2.0
0.625 2.6875 2.0
0.6875 2.6875 2.0
0.75 2.6875 2.0
0.8125 2.6875 2.0
0.875 2.6875 2.0
0.9375 2.6875 2.0
1.0 2.6875 2.0
0.0 2.75 2.0
0.0625 2.75 2.0
0.125 2.75 2.0
0.1875 2.75 2.0
0.25 2.75 2.0
0.3125 2.75 2.0
0.375 2.75 2.0
0.4375 2.75 2.0
0.5 2.75 2.0
0.5625 2.75 2.0
0.625 2.75 2.0
0.6875 2.75 2.0
0.75 2.75 2.0
0.8125 2.75 2.0
0.875 2.75 2.0
0.9375 2.75 2.0
1.0 2.75 2.0
0.0 2.8125 2.0
0.0625 2.8125 2.0
0.125 2.8125 2.0
0.1875 2.8125 2.0
0.25 2.8125 2.0
0.3125 2.8125 2.0
0.375 2.8125 2.0
0.4375 2.8125 2.0
0.5 2.8125 2.0
0.5625 2.8125 2.0
0.625 2.8125 2.0
0.6875 2.8125 2.0
0.75 2.8125 2.0
0.8125 2.8125 2.0
0.875 2.8125 2.0
0.9375 2.8125 2.0
1.0 2.8125 2.0
0.0 2.875 2.0
0.0625 2.875 2.0
0.125 2.875 2.0
0.1875 2.875 2.0
0.25 2.875 2.0
0.3125 2.875 2.0
0.375 2.875 2.0
0.4375 2.875 2.0
0.5 2.875 2.0
0.5625 2.875 2.0
0.625 2.875 2.0
0.6875 2.875 2.0
0.75 2.875 2.0
0.8125 2.875 2.0
0.875 2.875 2.0
0.9375 2.875 2.0
1.0 2.875 2.0
0.0 2.9375 2.0
0.0625 2.9375 2.0
0.125 2.9375 2.0
0.1875 2.9375 2.0
0.25 2.9375 2.0
0.3125 2.9375 2.0
0.375 2.9375 2.0
0.4375 2.9375 2.0
0.5 2.9375 2.0
0.5625 2.9375 2.0
0.625 2.9375 2.0
0.6875 2.9375 2.0
0.75 2.9375 2.0
0.8125 2.9375 2.0
0.875 2.9375 2.0
0.9375 2.9375 2.0
1.0 2.9375 2.0
0.0 3.0 2.0
0.0625 3.0 2.0
0.125 3.0 2.0
0.1875 3.0 2.0
0.25 3.0 2.0
0.3125 3.0 2.0
0.375 3.0 2.0
0.4375 3.0 2.0
0.5 3.0 2.0
0.5625 3.0 2.0
0.625 3.0 2.0
0.6875 3.0 2.0
0.75 3.0 2.0
0.8125 3.0 2.0
0.875 3.0 2.0
0.9375 3.0 2.0
1.0 3.0 2.0
2.0 2.0 1.0
2.047619048 2.0 1.0
2.095238095 2.0 1.0
2.142857143 2.0 1.0
2.19047619 2.0 1.0
2.238095238 2.0 1.0
2.285714286 2.0 1.0
2.333333333 2.0 1.0
2.3809523809999997 2.0 1.0
2.4285714290000002 2.0 1.0
2.4761904759999998 2.0 1.0
2.5238095240000002 2.0 1.0
2.5714285709999998 2.0 1.0
2.6190476190000003 2.0 1.0
2.666666667 2.0 1.0
2.714285714 2.0 1.0
2.761904762 2.0 1.0
2.80952381 2.0 1.0
2.857142857 2.0 1.0
2.904761905 2.0 1.0
2.952380952 2.0 1.0
3.0 2.0 1.0
2.0 2.047619048 1.0
2.047619048 2.047619048 1.0
2.095238095 2.047619048 1.0
2.142857143 2.047619048 1.0
2.19047619 2.047619048 1.0
2.238095238 2.047619048 1.0
2.285714286 2.047619048 1.0
2.333333333 2.047619048 1.0
2.3809523809999997 2.047619048 1.0
2.4285714290000002 2.047619048 1.0
2.4761904759999998 2.047619048 1.0
2.5238095240000002 2.047619048 1.0
2.5714285709999998 2.047619048 1.0
2.6190476190000003 2.047619048 1.0
2.666666667 2.047619048 1.0
2.714285714 2.047619048 1.0
2.761904762 2.047619048 1.0
2.80952381 2.047619048 1.0
2.857142857 2.047619048 1.0
2.904761905 2.047619048 1.0
2.952380952 2.047619048 1.0
3.0 2.047619048 1.0
2.0 2.095238095 1.0
2.047619048 2.095238095 1.0
2.095238095 2.095238095 1.0
2.142857143 2.095238095 1.0
2.19047619 2.095238095 1.0
2.238095238 2.095238095 1.0
2.285714286 2.095238095 1.0
2.333333333 2.095238095 1.0
2.3809523809999997 2.095238095 1.0
2.4285714290000002 2.095238095 1.0
2.4761904759999998 2.095238095 1.0
2.5238095240000002 2.095238095 1.0
2.5714285709999998 2.095238095 1.0
2.6190476190000003 2.095238095 1.0
2.666666667 2.095238095 1.0
2.714285714 2.095238095 1.0
2.761904762 2.095238095 1.0
2.80952381 2.095238095 1.0
2.857142857 2.095238095 1.0
2.904761905 2.095238095 1.0
2.952380952 2.095238095 1.0
3.0 2.095238095 1.0
2.0 2.142857143 1.0
2.047619048 2.142857143 1.0
2.095238095 2.142857143 1.0
2.142857143 2.142857143 1.0
2.19047619 2.142857143 1.0
2.238095238 2.142857143 1.0
2.285714286 2.142857143 1.0
2.333333333 2.142857143 1.0
2.3809523809999997 2.142857143 1.0
2.4285714290000002 2.142857143 1.0
2.4761904759999998 2.142857143 1.0
2.5238095240000002 2.142857143 1.0
2.5714285709999998 2.142857143 1.0
2.6190476190000003 2.142857143 1.0
2.666666667 2.142857143 1.0
2.714285714 2.142857143 1.0
2.761904762 2.142857143 1.0
2.80952381 2.142857143 1.0
2.857142857 2.142857143 1.0
2.904761905 2.142857143 1.0
2.952380952 2.142857143 1.0
3.0 2.142857143 1.0
2.0 2.19047619 1.0
2.047619048 2.19047619 1.0
2.095238095 2.19047619 1.0
2.142857143 2.19047619 1.0
2.19047619 2.19047619 1.0
2.238095238 2.19047619 1.0
2.285714286 2.19047619 1.0
2.333333333 2.19047619 1.0
2.3809523809999997 2.19047619 1.0
2.4285714290000002 2.19047619 1.0
2.4761904759999998 2.19047619 1.0
2.5238095240000002 2.19047619 1.0
2.5714285709999998 2.19047619 1.0
2.6190476190000003 2.19047619 1.0
2.666666667 2.19047619 1.0
2.714285714 2.19047619 1.0
2.761904762 2.19047619 1.0
2.80952381 2.19047619 1.0
2.857142857 2.19047619 1.0
2.904761905 2.19047619 1.0
2.952380952 2.19047619 1.0
3.0 2.19047619 1.0
2.0 2.238095238 1.0
2.047619048 2.238095238 1.0
2.095238095 2.238095238 1.0
2.142857143 2.238095238 1.0
2.19047619 2.238095238 1.0
2.238095238 2.238095238 1.0
2.285714286 2.238095238 1.0
2.333333333 2.238095238 1.0
2.3809523809999997 2.238095238 1.0
2.4285714290000002 2.238095238 1.0
2.4761904759999998 2.238095238 1.0
2.5238095240000002 2.238095238 1.0
2.5714285709999998 2.238095238 1.0
2.6190476190000003 2.238095238 1.0
2.666666667 2.238095238 1.0
2.714285714 2.238095238 1.0
2.761904762 2.238095238 1.0
2.80952381 2.238095238 1.0
2.857142857 2.238095238 1.0
2.904761905 2.238095238 1.0
2.952380952 2.238095238 1.0
3.0 2.238095238 1.0
2.0 2.285714286 1.0
2.047619048 2.285714286 1.0
2.095238095 2.285714286 1.0
2.142857143 2.285714286 1.0
2.19047619 2.285714286 1.0
2.238095238 2.285714286 1.0
2.285714286 2.285714286 1.0
2.333333333 2.285714286 1.0
2.3809523809999997 2.285714286 1.0
2.4285714290000002 2.285714286 1.0
2.4761904759999998 2.285714286 1.0
2.5238095240000002 2.285714286 1.0
2.5714285709999998 2.285714286 1.0
2.6190476190000003 2.285714286 1.0
2.666666667 2.285714286 1.0
2.714285714 2.285714286 1.0
2.761904762 2.285714286 1.0
2.80952381 2.285714286 1.0
2.857142857 2.285714286 1.0
2.904761905 2.285714286 1.0
2.952380952 2.285714286 1.0
3.0 2.285714286 1.0
2.0 2.333333333 1.0
2.047619048 2.333333333 1.0
2.095238095 2.333333333 1.0
2.142857143 2.333333333 1.0
2.19047619 2.333333333 1.0
2.238095238 2.333333333 1.0
2.285714286 2.333333333 1.0
2.333333333 2.333333333 1.0
2.3809523809999997 2.333333333 1.0
2.4285714290000002 2.333333333 1.0
2.4761904759999998 2.333333333 1.0
2.5238095240000002 2.333333333 1.0
2.5714285709999998 2.333333333 1.0
2.6190476190000003 2.333333333 1.0
2.666666667 2.333333333 1.0
2.714285714 2.333333333 1.0
2.761904762 2.333333333 1.0
2.80952381 2.333333333 1.0
2.857142857 2.333333333 1.0
2.904761905 2.333333333 1.0
2.952380952 2.333333333 1.0
3.0 2.333333333 1.0
2.0 2.3809523809999997 1.0
2.047619048 2.3809523809999997 1.0
2.095238095 2.3809523809999997 1.0
2.142857143 2.3809523809999997 1.0
2.19047619 2.3809523809999997 1.0
2.238095238 2.3809523809999997 1.0
2.285714286 2.3809523809999997 1.0
2.333333333 2.3809523809999997 1.0
2.3809523809999997 2.3809523809999997 1.0
2.4285714290000002 2.3809523809999997 1.0
2.4761904759999998 2.3809523809999997 1.0
2.5238095240000002 2.3809523809999997 1.0
2.5714285709999998 2.3809523809999997 1.0
2.6190476190000003 2.3809523809999997 1.0
2.666666667 2.3809523809999997 1.0
2.714285714 2.3809523809999997 1.0
2.761904762 2.3809523809999997 1.0
2.80952381 2.3809523809999997 1.0
2.857142857 2.3809523809999997 1.0
2.904761905 2.3809523809999997 1.0
2.952380952 2.3809523809999997 1.0
3.0 2.3809523809999997 1.0
2.0 2.4285714290000002 1.0
2.047619048 2.4285714290000002 1.0
2.095238095 2.4285714290000002 1.0
2.142857143 2.4285714290000002 1.0
2.19047619 2.4285714290000002 1.0
2.238095238 2.4285714290000002 1.0
2.285714286 2.4285714290000002 1.0
2.333333333 2.4285714290000002 1.0
2.3809523809999997 2.4285714290000002 1.0
2.4285714290000002 2.4285714290000002 1.0
2.4761904759999998 2.4285714290000002 1.0
2.5238095240000002 2.4285714290000002 1.0
2.5714285709999998 2.4285714290000002 1.0
2.6190476190000003 2.4285714290000002 1.0
2.666666667 2.4285714290000002 1.0
2.714285714 2.4285714290000002 1.0
2.761904762 2.4285714290000002 1.0
2.80952381 2.4285714290000002 1.0
2.857142857 2.4285714290000002 1.0
2.904761905 2.4285714290000002 1.0
2.952380952 2.4285714290000002 1.0
3.0 2.4285714290000002 1.0
2.0 2.4761904759999998 1.0
2.047619048 2.4761904759999998 1.0
2.095238095 2.4761904759999998 1.0
2.142857143 2.4761904759999998 1.0
2.19047619 2.4761904759999998 1.0
2.238095238 2.4761904759999998 1.0
2.285714286 2.4761904759999998 1.0
2.333333333 2.4761904759999998 1.0
2.3809523809999997 2.4761904759999998 1.0
2.4285714290000002 2.4761904759999998 1.0
2.4761904759999998 2.4761904759999998 1.0
2.5238095240000002 2.4761904759999998 1.0
2.5714285709999998 2.4761904759999998 1.0
2.6190476190000003 2.4761904759999998 1.0
2.666666667 2.4761904759999998 1.0
2.714285714 2.4761904759999998 1.0
2.761904762 2.4761904759999998 1.0
2.80952381 2.4761904759999998 1.0
2.857142857 2.4761904759999998 1.0
2.904761905 2.4761904759999998 1.0
2.952380952 2.4761904759999998 1.0
3.0 2.4761904759999998 1.0
2.0 2.5238095240000002 1.0
2.047619048 2.5238095240000002 1.0
2.095238095 2.5238095240000002 1.0
2.142857143 2.5238095240000002 1.0
2.19047619 2.5238095240000002 1.0
2.238095238 2.5238095240000002 1.0
2.285714286 2.5238095240000002 1.0
2.333333333 2.5238095240000002 1.0
2.3809523809999997 2.5238095240000002 1.0
2.4285714290000002 2.5238095240000002 1.0
2.4761904759999998 2.5238095240000002 1.0
2.5238095240000002 2.5238095240000002 1.0
2.5714285709999998 2.5238095240000002 1.0
2.6190476190000003 2.5238095240000002 1.0
2.666666667 2.5238095240000002 1.0
2.714285714 2.5238095240000002 1.0
2.761904762 2.5238095240000002 1.0
2.80952381 2.5238095240000002 1.0
2.857142857 2.5238095240000002 1.0
2.904761905 2.5238095240000002 1.0
2.952380952 2.5238095240000002 1.0
3.0 2.5238095240000002 1.0
2.0 2.5714285709999998 1.0
2.047619048 2.5714285709999998 1.0
2.095238095 2.5714285709999998 1.0
2.142857143 2.5714285709999998 1.0
2.19047619 2.5714285709999998 1.0
2.238095238 2.5714285709999998 1.0
2.285714286 2.5714285709999998 1.0
2.333333333 2.5714285709999998 1.0
2.3809523809999997 2.5714285709999998 1.0
2.4285714290000002 2.5714285709999998 1.0
2.4761904759999998 2.5714285709999998 1.0
2.5238095240000002 2.5714285709999998 1.0
2.5714285709999998 2.5714285709999998 1.0
2.6190476190000003 2.5714285709999998 1.0
2.666666667 2.5714285709999998 1.0
2.714285714 2.5714285709999998 1.0
2.761904762 2.5714285709999998 1.0
2.80952381 2.5714285709999998 1.0
2.857142857 2.5714285709999998 1.0
2.904761905 2.5714285709999998 1.0
2.952380952 2.5714285709999998 1.0
3.0 2.5714285709999998 1.0
2.0 2.6190476190000003 1.0
2.047619048 2.6190476190000003 1.0
2.095238095 2.6190476190000003 1.0
2.142857143 2.6190476190000003 1.0
2.19047619 2.6190476190000003 1.0
2.238095238 2.6190476190000003 1.0
2.285714286 2.6190476190000003 1.0
2.333333333 2.6190476190000003 1.0
2.3809523809999997 2.6190476190000003 1.0
2.4285714290000002 2.6190476190000003 1.0
2.4761904759999998 2.6190476190000003 1.0
2.5238095240000002 2.6190476190000003 1.0
2.5714285709999998 2.6190476190000003 1.0
2.6190476190000003 2.6190476190000003 1.0
2.666666667 2.6190476190000003 1.0
2.714285714 2.6190476190000003 1.0
2.761904762 2.6190476190000003 1.0
2.80952381 2.6190476190000003 1.0
2.857142857 2.6190476190000003 1.0
2.904761905 2.6190476190000003 1.0
2.952380952 2.6190476190000003 1.0
3.0 2.6190476190000003 1.0
2.0 2.666666667 1.0
2.047619048 2.666666667 1.0
2.095238095 2.666666667 1.0
2.142857143 2.666666667 1.0
2.19047619 2.666666667 1.0
2.238095238 2.666666667 1.0
2.285714286 2.666666667 1.0
2.333333333 2.666666667 1.0
2.3809523809999997 2.666666667 1.0
2.4285714290000002 2.666666667 1.0
2.4761904759999998 2.666666667 1.0
2.5238095240000002 2.666666667 1.0
2.5714285709999998 2.666666667 1.0
2.6190476190000003 2.666666667 1.0
2.666666667 2.666666667 1.0
2.714285714 2.666666667 1.0
2.761904762 2.666666667 1.0
2.80952381 2.666666667 1.0
2.857142857 2.666666667 1.0
2.904761905 2.666666667 1.0
2.952380952 2.666666667 1.0
3.0 2.666666667 1.0
2.0 2.714285714 1.0
2.047619048 2.714285714 1.0
2.095238095 2.714285714 1.0
2.142857143 2.714285714 1.0
2.19047619 2.714285714 1.0
2.238095238 2.714285714 1.0
2.285714286 2.714285714 1.0
2.333333333 2.714285714 1.0
2.3809523809999997 2.714285714 1.0
2.4285714290000002 2.714285714 1.0
2.4761904759999998 2.714285714 1.0
2.5238095240000002 2.714285714 1.0
2.5714285709999998 2.714285714 1.0
2.6190476190000003 2.714285714 1.0
2.666666667 2.714285714 1.0
2.714285714 2.714285714 1.0
2.761904762 2.714285714 1.0
2.80952381 2.714285714 1.0
2.857142857 2.714285714 1.0
2.904761905 2.714285714 1.0
2.952380952 2.714285714 1.0
3.0 2.714285714 1.0
2.0 2.761904762 1.0
2.047619048 2.761904762 1.0
2.095238095 2.761904762 1.0
2.142857143 2.761904762 1.0
2.19047619 2.761904762 1.0
2.238095238 2.761904762 1.0
2.285714286 2.761904762 1.0
2.333333333 2.761904762 1.0
2.3809523809999997 2.761904762 1.0
2.4285714290000002 2.761904762 1.0
2.4761904759999998 2.761904762 1.0
2.5238095240000002 2.761904762 1.0
2.5714285709999998 2.761904762 1.0
2.6190476190000003 2.761904762 1.0
2.666666667 2.761904762 1.0
2.714285714 2.761904762 1.0
2.761904762 2.761904762 1.0
2.80952381 2.761904762 1.0
2.857142857 2.761904762 1.0
2.904761905 2.761904762 1.0
2.952380952 2.761904762 1.0
3.0 2.761904762 1.0
2.0 2.80952381 1.0
2.047619048 2.80952381 1.0
2.095238095 2.80952381 1.0
2.142857143 2.80952381 1.0
2.19047619 2.80952381 1.0
2.238095238 2.80952381 1.0
2.285714286 2.80952381 1.0
2.333333333 2.80952381 1.0
2.3809523809999997 2.80952381 1.0
2.4285714290000002 2.80952381 1.0
2.4761904759999998 2.80952381 1.0
2.5238095240000002 2.80952381 1.0
2.5714285709999998 2.80952381 1.0
2.6190476190000003 2.80952381 1.0
2.666666667 2.80952381 1.0
2.714285714 2.80952381 1.0
2.761904762 2.80952381 1.0
2.80952381 2.80952381 1.0
2.857142857 2.80952381 1.0
2.904761905 2.80952381 1.0
2.952380952 2.80952381 1.0
3.0 2.80952381 1.0
2.0 2.857142857 1.0
2.047619048 2.857142857 1.0
2.095238095 2.857142857 1.0
2.142857143 2.857142857 1.0
2.19047619 2.857142857 1.0
2.238095238 2.857142857 1.0
2.285714286 2.857142857 1.0
2.333333333 2.857142857 1.0
2.3809523809999997 2.857142857 1.0
2.4285714290000002 2.857142857 1.0
2.4761904759999998 2.857142857 1.0
2.5238095240000002 2.857142857 1.0
2.5714285709999998 2.857142857 1.0
2.6190476190000003 2.857142857 1.0
2.666666667 2.857142857 1.0
2.714285714 2.857142857 1.0
2.761904762 2.857142857 1.0
2.80952381 2.857142857 1.0
2.857142857 2.857142857 1.0
2.904761905 2.857142857 1.0
2.952380952 2.857142857 1.0
3.0 2.857142857 1.0
2.0 2.904761905 1.0
2.047619048 2.904761905 1.0
2.095238095 2.904761905 1.0
2.142857143 2.904761905 1.0
2.19047619 2.904761905 1.0
2.238095238 2.904761905 1.0
2.285714286 2.904761905 1.0
2.333333333 2.904761905 1.0
2.3809523809999997 2.904761905 1.0
2.4285714290000002 2.904761905 1.0
2.4761904759999998 2.904761905 1.0
2.5238095240000002 2.904761905 1.0
2.5714285709999998 2.904761905 1.0
2.6190476190000003 2.904761905 1.0
2.666666667 2.904761905 1.0
2.714285714 2.904761905 1.0
2.761904762 2.904761905 1.0
2.80952381 2.904761905 1.0
2.857142857 2.904761905 1.0
2.904761905 2.904761905 1.0
2.952380952 2.904761905 1.0
3.0 2.904761905 1.0
2.0 2.952380952 1.0
2.047619048 2.952380952 1.0
2.095238095 2.952380952 1.0
2.142857143 2.952380952 1.0
2.19047619 2.952380952 1.0
2.238095238 2.952380952 1.0
2.285714286 2.952380952 1.0
2.333333333 2.952380952 1.0
2.3809523809999997 2.952380952 1.0
2.4285714290000002 2.952380952 1.0
2.4761904759999998 2.952380952 1.0
2.5238095240000002 2.952380952 1.0
2.5714285709999998 2.952380952 1.0
2.6190476190000003 2.952380952 1.0
2.666666667 2.952380952 1.0
2.714285714 2.952380952 1.0
2.761904762 2.952380952 1.0
2.80952381 2.952380952 1.0
2.857142857 2.952380952 1.0
2.904761905 2.952380952 1.0
2.952380952 2.952380952 1.0
3.0 2.952380952 1.0
2.0 3.0 1.0
2.047619048 3.0 1.0
2.095238095 3.0 1.0
2.142857143 3.0 1.0
2.19047619 3.0 1.0
2.238095238 3.0 1.0
2.285714286 3.0 1.0
2.333333333 3.0 1.0
2.3809523809999997 3.0 1.0
2.4285714290000002 3.0 1.0
2.4761904759999998 3.0 1.0
2.5238095240000002 3.0 1.0
2.5714285709999998 3.0 1.0
2.6190476190000003 3.0 1.0
2.666666667 3.0 1.0
2.714285714 3.0 1.0
2.761904762 3.0 1.0
2.80952381 3.0 1.0
2.857142857 3.0 1.0
2.904761905 3.0 1.0
2.952380952 3.0 1.0
3.0 3.0 1.0
3.1482353069999998 2.927257605 1.0
3.027322649 1.190324626 3.0
2.50776833 1.938968904 1.0
2.6505008869999998 -0.080060603 3.0
3.189802513 3.032042862 1.0
1.306768012 1.4050935169999998 2.0
3.146336017 0.6367091970000001 3.0
3.638339925 1.07976349 3.0
-0.834284135 1.5745585530000001 0.0
2.362274457 1.8252970080000002 1.0
1.9252427680000002 -0.8143549240000001 0.0
-0.8634647670000001 0.334589851 0.0
1.8911106080000002 2.341740062 1.0
-0.486425231 0.9788954470000001 0.0
0.410557049 1.847158773 2.0
3.2349317010000003 2.4879452630000003 1.0
3.781428112 0.191296385 3.0
3.160588878 0.42202635899999996 3.0
1.326481045 3.168550756 2.0
1.8516005219999998 3.10588211 1.0
-0.801205444 2.506263985 2.0
-0.422657569 1.203637388 0.0
1.672425281 2.529926722 1.0
1.177104307 1.607531651 2.0
3.9466642839999997 2.088028602 1.0
3.796839372 0.372574914 3.0
3.4770228339999996 2.436977153 1.0
-0.174183798 1.702367177 2.0
1.34654877 -0.7385860259999999 0.0
0.866223125 -0.095407219 0.0
-0.788207579 3.193902487 2.0
2.7809130860000004 3.0827820110000004 1.0
1.319733772 3.344101249 2.0
-0.796224217 3.2880027160000003 2.0
-0.563569966 -0.402927618 0.0
3.598334354 2.333912994 1.0
1.461385787 3.2893916610000002 2.0
0.993079197 -0.38320084200000004 0.0
3.267217941 3.5498221169999997 1.0
3.807374162 1.5346799119999999 3.0
2.661964778 1.808763647 1.0
