0.908147855 0.047249584000000004 1.0
1.025741088 0.147671828 1.0
1.062471265 0.016648071 1.0
0.9676758670000001 0.016042287 1.0
0.99907909 -0.07623251 1.0
1.027607137 -0.037634388 1.0
1.068176139 0.058543647000000004 1.0
1.004745803 0.18043490199999998 1.0
0.9937829770000001 0.057142992999999996 1.0
1.020371395 0.089957451 1.0
1.124869742 0.21093926899999998 1.0
0.92844735 0.066602681 1.0
1.13297189 0.075484281 1.0
1.092066554 -0.04890470400000001 1.0
0.997058338 0.074903342 1.0
1.075363116 0.117477353 1.0
1.03897048 0.159244857 1.0
1.0132647 -0.013903387 1.0
0.910559296 0.019550900000000003 1.0
0.9970950059999999 0.16242573300000002 1.0
0.931971749 -0.004117924 1.0
0.862779519 -0.037349202000000005 1.0
1.069142796 0.049463423 1.0
0.933090304 0.11366453 1.0
0.998069792 0.064488633 1.0
0.960837644 0.014401671999999999 1.0
0.994043383 0.192059598 1.0
1.159492633 0.12040089300000001 1.0
0.8183958159999999 0.234554108 1.0
0.9953918620000001 0.174691813 1.0
0.885115146 0.059767184 1.0
0.981395294 0.072757961 1.0
0.921448409 0.20812210399999997 1.0
0.95451848 0.131129586 1.0
0.935879212 0.01552797 1.0
0.931146246 0.014651845 1.0
0.930535775 0.126575262 1.0
1.021982728 0.125656815 1.0
0.925434016 0.11511194300000001 1.0
0.914237297 0.182450885 1.0
0.901445033 0.139468032 1.0
0.985864159 0.07366659099999999 1.0
0.90864512 0.073365771 1.0
1.0840872609999999 0.11128058099999999 1.0
0.9434478479999999 0.12482586300000001 1.0
1.0796704879999999 0.257281964 1.0
0.9152699040000001 0.14423165400000001 1.0
1.045537341 0.22482798699999998 1.0
0.90659308 0.046977122999999996 1.0
0.92283496 0.158422765 1.0
1.098062678 0.208687024 1.0
1.041527626 0.275831604 1.0
1.056785818 0.18148126399999998 1.0
0.923356395 0.06142071 1.0
0.905187627 0.09378010199999999 1.0
1.0687545059999999 0.049920694 1.0
0.968599256 0.130162526 1.0
0.970828754 0.168943493 1.0
0.994980979 0.19252628600000002 1.0
0.966606315 0.221945063 1.0
1.050270922 0.175726648 1.0
0.9657682790000001 0.162471794 1.0
0.982966065 0.18779913899999998 1.0
0.953764443 0.32919600600000004 1.0
1.03850356 0.27869738 1.0
1.144080352 0.219721093 1.0
0.9263403509999999 0.102216131 1.0
0.9841416959999999 0.19642585399999998 1.0
0.935831465 0.141763342 1.0
0.8812738609999999 0.145979416 1.0
0.9585712690000001 0.10605708 1.0
0.971927772 0.218050699 1.0
0.966874109 0.24615468100000001 1.0
0.896443457 0.346864923 1.0
1.01262446 0.053018666 1.0
1.027536814 0.20433385699999998 1.0
0.9635621809999999 0.261898915 1.0
1.0455717070000001 0.302329825 1.0
1.002263257 0.230905871 1.0
1.069362821 0.345464738 1.0
1.021829622 0.27077850800000003 1.0
0.9483862259999999 0.413590597 1.0
0.954086685 0.328480223 1.0
1.017146177 0.172725536 1.0
0.9719289170000001 0.308773633 1.0
0.9380573759999999 0.297999126 1.0
1.013667635 0.37869219600000004 1.0
1.049767098 0.274172603 1.0
0.9038261240000001 0.22611373 1.0
1.008458286 0.24656587 1.0
0.9622006740000001 0.31629302600000003 1.0
0.9442780470000001 0.223898067 1.0
0.949346555 0.311685456 1.0
0.8839468659999999 0.191696914 1.0
0.809360812 0.204506935 1.0
0.955122668 0.393744139 1.0
0.975064248 0.31800797399999997 1.0
0.86398678 0.355942059 1.0
1.059064307 0.22009932100000001 1.0
1.100789904 0.356980243 1.0
1.025306841 0.231571849 1.0
0.931760189 0.2397763 1.0
0.8555070159999999 0.38173064 1.0
0.915503379 0.314519169 1.0
0.971116229 0.32721433 1.0
0.974785991 0.362017035 1.0
0.9672699640000001 0.378211979 1.0
1.015220166 0.306027218 1.0
0.972117978 0.35673976 1.0
0.92233606 0.319308157 1.0
1.0436692459999999 0.279691365 1.0
0.9357438920000001 0.355588235 1.0
0.949730071 0.248566691 1.0
0.933685815 0.287137304 1.0
0.8511862109999999 0.309863991 1.0
0.9791380059999999 0.210332176 1.0
0.965069726 0.34699487100000004 1.0
0.9244620459999999 0.332384754 1.0
1.02714793 0.443017689 1.0
0.867458576 0.265525012 1.0
0.9993316529999999 0.486126888 1.0
0.9685193320000001 0.471833548 1.0
0.880887325 0.33950638899999996 1.0
1.033012223 0.221929872 1.0
1.057580767 0.358475659 1.0
0.7926817340000001 0.427357931 1.0
0.904834474 0.32005439 1.0
0.892312323 0.339190104 1.0
0.9340478959999999 0.423835412 1.0
0.830256271 0.389273889 1.0
1.01410446 0.398238469 1.0
0.912493373 0.497554409 1.0
0.9989805279999999 0.40676143 1.0
0.864767635 0.386538548 1.0
0.900183988 0.336325162 1.0
0.892021051 0.554046567 1.0
0.85488335 0.39239288899999997 1.0
0.914653578 0.42922557100000003 1.0
0.986867995 0.316981338 1.0
0.89048754 0.5690093479999999 1.0
0.90714865 0.42299633799999997 1.0
0.8902092840000001 0.425886206 1.0
0.779610665 0.439383808 1.0
0.886207458 0.39432684799999995 1.0
0.7762053790000001 0.415952516 1.0
0.834817913 0.43568960700000003 1.0
0.8149425229999999 0.495222948 1.0
0.9359688209999999 0.34846843299999997 1.0
0.92114418 0.454522993 1.0
0.907544335 0.501311958 1.0
0.847204128 0.552810798 1.0
0.803696327 0.45359893700000004 1.0
0.946600888 0.420654983 1.0
0.9147493859999999 0.451482709 1.0
0.8864943470000001 0.423127824 1.0
0.806799684 0.441045753 1.0
0.8033493359999999 0.637966921 1.0
0.935650137 0.335030522 1.0
1.092324389 0.627335532 1.0
1.043565356 0.45175304299999997 1.0
0.9032397040000001 0.35437524 1.0
0.84014177 0.478240491 1.0
0.912784895 0.45993325 1.0
0.80789565 0.538563547 1.0
0.773474208 0.454560054 1.0
0.9819050420000001 0.513939214 1.0
0.9509002329999999 0.438112923 1.0
0.966739053 0.534363585 1.0
0.754902117 0.615332465 1.0
0.837709245 0.40438806200000005 1.0
0.815152897 0.57663545 1.0
0.903905636 0.421878074 1.0
0.8848997040000001 0.5258893029999999 1.0
0.7622750079999999 0.416604455 1.0
0.716951253 0.391248824 1.0
0.8257915840000001 0.520854196 1.0
0.793950299 0.448851561 1.0
0.884322086 0.556413553 1.0
0.998349816 0.589934072 1.0
0.991998519 0.520121929 1.0
0.857474492 0.399345324 1.0
0.7980706959999999 0.57050537 1.0
0.997807667 0.587268529 1.0
0.83447448 0.497741535 1.0
0.8464299470000001 0.45239036899999996 1.0
0.746532628 0.570732275 1.0
0.80014769 0.515402141 1.0
0.847654459 0.463498333 1.0
0.8202985509999999 0.551643051 1.0
0.9018232420000001 0.5460001320000001 1.0
0.822296748 0.566644644 1.0
0.7290205740000001 0.623198398 1.0
0.7556051640000001 0.520305721 1.0
0.8268874629999999 0.45427187799999996 1.0
0.909540149 0.47385742799999997 1.0
0.8402571740000001 0.6145073679999999 1.0
0.830580524 0.543141031 1.0
0.819702087 0.497146466 1.0
0.830309682 0.570283274 1.0
1.004547143 0.694186328 1.0
0.7971482259999999 0.679926154 1.0
0.901981461 0.5118616979999999 1.0
0.81240011 0.578431069 1.0
0.799135519 0.57301272 1.0
0.718390292 0.433561715 1.0
0.7564580190000001 0.616225162 1.0
0.858431828 0.681943472 1.0
0.910625328 0.542939762 1.0
0.8894342679999999 0.7122974409999999 1.0
0.8482325690000001 0.670102497 1.0
0.7771727490000001 0.617596234 1.0
0.802683842 0.552300406 1.0
0.8759581 0.717226591 1.0
0.805627945 0.591770459 1.0
0.7369504809999999 0.565319521 1.0
0.896971347 0.664516295 1.0
0.8536772970000001 0.714794817 1.0
0.7940142729999999 0.53344937 1.0
0.8168249540000001 0.730368645 1.0
0.75104955 0.616827793 1.0
0.7385994570000001 0.6130508179999999 1.0
0.91726695 0.805773415 1.0
0.766871733 0.622805181 1.0
0.751907448 0.680711232 1.0
0.8020469179999999 0.593314208 1.0
0.7340864359999999 0.71163219 1.0
0.8978715070000001 0.593378628 1.0
0.773039767 0.660022755 1.0
0.6532496320000001 0.694807882 1.0
0.79327322 0.6421080920000001 1.0
0.84809152 0.7186019770000001 1.0
0.798737932 0.693348057 1.0
0.80680386 0.71557682 1.0
0.693715128 0.5854627729999999 1.0
0.699299181 0.867412932 1.0
0.660162431 0.755222663 1.0
0.75188216 0.610667905 1.0
0.7671184940000001 0.667503014 1.0
0.7629664420000001 0.6493558939999999 1.0
0.923623092 0.732045822 1.0
0.70176976 0.613833333 1.0
0.62959109 0.7785655359999999 1.0
0.71472753 0.758664852 1.0
0.7022495540000001 0.6836642820000001 1.0
0.691295295 0.6950473509999999 1.0
0.819015838 0.75816332 1.0
0.620384102 0.763182425 1.0
0.718243768 0.731726297 1.0
0.8309513340000001 0.70272867 1.0
0.7281745209999999 0.674075289 1.0
0.603408964 0.737810855 1.0
0.650127047 0.670698736 1.0
0.8054079359999999 0.7718025540000001 1.0
0.704548631 0.862928127 1.0
0.7989967929999999 0.615210102 1.0
0.6206569129999999 0.8060455329999999 1.0
0.684025243 0.830236023 1.0
0.688391828 0.7333497959999999 1.0
0.707173212 0.7189268209999999 1.0
0.7067129440000001 0.7570188409999999 1.0
0.79662086 0.758011008 1.0
0.633290782 0.659608029 1.0
0.601721552 0.8194951859999999 1.0
0.5916738429999999 0.7320861959999999 1.0
0.72025471 0.8662432959999999 1.0
0.616994869 0.666829155 1.0
0.693956785 0.668024402 1.0
0.719914203 0.69275169 1.0
0.667380548 0.7173012609999999 1.0
0.7888525740000001 0.779583046 1.0
0.5957804560000001 0.588483352 1.0
0.6885328390000001 0.767028349 1.0
0.6532167720000001 0.7895338340000001 1.0
0.620478977 0.731536783 1.0
0.7551168420000001 0.697161771 1.0
0.7735528420000001 0.7007456190000001 1.0
0.578904669 0.781329932 1.0
0.693487814 0.772090174 1.0
0.6297935579999999 0.661511142 1.0
0.527551501 0.657816008 1.0
0.603903313 0.709890963 1.0
0.651694862 0.706239559 1.0
0.55863942 0.914400929 1.0
0.774708354 0.7623335370000001 1.0
0.555557605 0.8190380509999999 1.0
0.685168143 0.887007683 1.0
0.570639065 0.863966077 1.0
0.6118423789999999 0.8140456290000001 1.0
0.493712081 0.973552078 1.0
0.530869433 0.8880913020000001 1.0
0.617578638 0.8068524140000001 1.0
0.620056095 0.932135807 1.0
0.704678728 0.764154652 1.0
0.637447935 0.848111567 1.0
0.565807131 0.849883382 1.0
0.654070032 0.740351137 1.0
0.526712344 0.78654777 1.0
0.611999125 0.839640354 1.0
0.536218018 0.9149819140000001 1.0
0.6244200560000001 0.8238471820000001 1.0
0.473371886 0.8695211509999999 1.0
0.629968537 0.913578839 1.0
0.532509019 0.614253403 1.0
0.67771025 0.7756283209999999 1.0
0.48200162399999996 0.876973938 1.0
0.5271164660000001 0.782125237 1.0
0.594769454 0.986347662 1.0
0.598617373 0.900354249 1.0
0.482154937 0.7503344820000001 1.0
0.431420364 0.80187357 1.0
0.585674105 0.939986462 1.0
0.613363226 0.764609309 1.0
0.562934489 0.820511476 1.0
0.587408456 0.734147551 1.0
0.600234496 0.8560065840000001 1.0
0.476717522 0.8429453259999999 1.0
0.469825754 0.796985415 1.0
0.43247759999999996 0.844429175 1.0
0.49851603899999997 0.7978646009999999 1.0
0.500731626 0.969456636 1.0
0.456871992 0.971851331 1.0
0.458118779 0.921086608 1.0
0.542191046 1.007628993 1.0
0.5727480939999999 0.8273415040000001 1.0
0.6446826760000001 0.70740785 1.0
0.546859016 0.924399289 1.0
0.503252429 0.834982401 1.0
0.483103159 0.807397624 1.0
0.46941410899999997 0.773698894 1.0
0.45254921200000003 0.847495607 1.0
0.533060235 0.8788060129999999 1.0
0.578813093 0.9366727140000001 1.0
0.521241886 0.799055452 1.0
0.626286577 0.816262171 1.0
0.424393795 0.7118326890000001 1.0
0.424860521 0.969145778 1.0
0.405984147 0.863608168 1.0
0.50342547 0.8672446420000001 1.0
0.501393645 0.926410891 1.0
0.46445704 0.856753333 1.0
0.446092896 0.911933027 1.0
0.569112186 0.900136458 1.0
0.42471149799999997 0.771285373 1.0
0.532187946 0.815571022 1.0
0.6124457170000001 0.890556997 1.0
0.378498086 1.026614546 1.0
0.490914319 0.901249847 1.0
0.46458420200000006 0.7345221120000001 1.0
0.36416392399999997 0.946555677 1.0
0.533990974 0.912068643 1.0
0.52785294 0.9970874279999999 1.0
0.533932421 0.964877318 1.0
0.313145507 0.9597582920000001 1.0
0.491727336 0.882242656 1.0
0.422680295 1.063924678 1.0
0.29828267199999997 0.9230312070000001 1.0
0.47225153700000005 0.846972297 1.0
0.38862560700000004 0.933542247 1.0
0.3742718 0.929715637 1.0
0.34171271 0.904022168 1.0
0.428713236 0.8473272070000001 1.0
0.406256602 0.8416456659999999 1.0
0.284981341 0.998568555 1.0
0.424151747 0.957109175 1.0
0.444207445 0.914221402 1.0
0.443551335 0.945404748 1.0
0.402966657 0.88191891 1.0
0.38601757200000003 0.7659845279999999 1.0
0.39438569799999995 0.9629696329999999 1.0
0.296089751 0.864716295 1.0
0.541701792 0.910798683 1.0
0.459998898 0.8872693559999999 1.0
0.35812543 0.917734646 1.0
0.479188877 0.832475051 1.0
0.297609328 0.9981886440000001 1.0
0.5253403870000001 0.9344174829999999 1.0
0.212459427 0.880745439 1.0
0.41690205799999996 0.961238968 1.0
0.300593373 0.8340827409999999 1.0
0.23346481100000002 0.900631715 1.0
0.32277439 0.9514317440000001 1.0
0.518848784 0.884921682 1.0
0.424086399 0.8762337170000001 1.0
0.366869638 0.923797715 1.0
0.319812979 0.835257907 1.0
0.369158995 0.930712158 1.0
0.255121223 0.9942400290000001 1.0
0.42152458600000003 0.90285657 1.0
0.348453361 0.8984024840000001 1.0
0.23483457100000002 0.933400992 1.0
0.339248792 1.008829412 1.0
0.334899154 1.0468065420000001 1.0
0.31737180600000003 0.928329966 1.0
0.35931293700000005 0.826066029 1.0
0.306181278 1.0264517770000001 1.0
0.287097361 0.889217315 1.0
0.24857346 0.920057967 1.0
0.25359372199999997 1.060734529 1.0
0.27769064 0.914328954 1.0
0.25985205699999997 1.100239612 1.0
0.389499995 0.993631052 1.0
0.29985345 0.9142877309999999 1.0
0.294516858 0.873395516 1.0
0.325500173 0.8899655679999999 1.0
0.320236833 0.95867255 1.0
0.279778968 0.93548256 1.0
0.34910222 0.903861383 1.0
0.35392694700000005 1.10362069 1.0
0.338857357 0.8203179209999999 1.0
0.13005266099999999 0.959751302 1.0
0.222962465 1.085872159 1.0
0.379887249 1.020448007 1.0
0.266614646 0.927708518 1.0
0.191030774 0.9403812779999999 1.0
0.236932002 1.238655641 1.0
0.23697294800000002 1.073868789 1.0
0.264777286 0.907243664 1.0
0.36054894299999996 1.024336095 1.0
0.093958925 1.023421069 1.0
0.322598378 0.917579533 1.0
0.293237513 1.0132500629999999 1.0
0.18852449 0.885007674 1.0
0.20216292 0.9498252540000001 1.0
0.300564787 0.896187244 1.0
0.25388671399999996 0.8822816720000001 1.0
0.276885504 0.987213487 1.0
0.229358543 0.877069632 1.0
0.075807081 0.9025249609999999 1.0
0.31323246899999996 0.995943065 1.0
0.223356682 1.040677062 1.0
0.14329325099999998 1.016143222 1.0
0.200337497 1.01360494 1.0
0.282232408 0.9682297759999999 1.0
0.26232113 0.9935901340000001 1.0
0.28828360399999997 0.954289101 1.0
0.230207241 0.8362696829999999 1.0
0.213266257 0.990190618 1.0
0.033197017999999995 1.006116961 1.0
0.17667982 1.062775142 1.0
0.186846194 1.07245677 1.0
0.15250687 0.98314407 1.0
0.09143577900000001 1.093790024 1.0
0.287107371 0.949399938 1.0
0.194348606 1.010332304 1.0
0.18467622399999997 0.915220356 1.0
0.121662059 0.981276747 1.0
0.199995371 1.047128419 1.0
0.210441913 1.0438633240000001 1.0
0.078815204 0.8890894159999999 1.0
0.10118473 0.934963653 1.0
0.126971251 0.98189086 1.0
0.191853009 0.874690792 1.0
0.154879905 0.897647605 1.0
0.15961128 0.954007212 1.0
0.184784935 1.025881974 1.0
0.034541186 0.918014879 1.0
0.045948511 0.9627205129999999 1.0
0.06720543 0.972109565 1.0
0.17424700199999998 1.088027101 1.0
0.111518168 0.9580950340000001 1.0
0.042829642 1.228407944 1.0
0.054898160999999994 1.074113928 1.0
0.129807478 0.996877538 1.0
0.213275805 1.053709617 1.0
0.1328621 0.981935847 1.0
0.027558322000000003 1.074309551 1.0
0.054549505 1.043300906 1.0
0.1001669 1.096402862 1.0
0.046744064 0.9910750909999999 1.0
0.05733837 0.987531844 1.0
0.106780948 1.022401886 1.0
0.08881757 1.026260311 1.0
0.127834018 1.038995596 1.0
0.217439336 1.086250564 1.0
0.192736711 0.972151306 1.0
0.106815657 0.9498885579999999 1.0
0.130194817 1.062668432 1.0
0.20286256 0.998143742 1.0
0.11048724300000001 1.12140824 1.0
0.047221074 0.95051479 1.0
0.018172305 1.039640289 1.0
0.059777642 0.9958242509999999 1.0
0.094232614 1.004420928 1.0
-0.002844616 0.9082932779999999 1.0
-0.033432542 1.0553570190000001 1.0
0.073231305 1.05376987 1.0
0.165412522 1.126919024 1.0
0.055598405 1.046223376 1.0
-0.017715608 0.992957388 1.0
0.006155386999999999 1.123025462 1.0
0.029359303 1.195432512 1.0
0.126760375 0.9518210109999999 1.0
0.065043822 0.936460045 1.0
0.10607803199999999 0.906995525 1.0
0.077919711 1.010782291 1.0
-0.03765074 1.016937811 1.0
-0.11715815800000001 0.997897259 1.0
-0.063490087 1.049940368 1.0
0.07392714 0.8660146759999999 1.0
0.02980387 1.102089478 1.0
-0.007036068 0.841255839 1.0
0.043824786 0.9440424190000001 1.0
-0.081519203 1.023843616 1.0
0.018684958999999998 1.006100421 1.0
0.022643762 0.8371794379999999 1.0
-0.04528266400000001 1.089092256 1.0
-0.111125214 0.921906571 1.0
-0.021597452000000003 1.0876536890000001 1.0
-0.024511502999999997 0.9825143690000001 1.0
0.097231897 1.042282289 1.0
-0.10933752599999999 0.988739039 1.0
0.065575425 0.960323303 1.0
-0.19249201600000002 1.069682241 1.0
0.035734559 0.998712032 1.0
-0.004861691 1.012562059 1.0
0.073729513 1.020070614 1.0
-0.163573338 0.9645581129999999 1.0
-0.094999005 0.970536477 1.0
-0.103478246 0.956237297 1.0
-0.173392771 1.083021003 1.0
-0.11465894300000001 1.12939285 1.0
-0.04043296 0.97095716 1.0
-0.009869932 1.130199123 1.0
-0.052170679000000005 0.9258834440000001 1.0
-0.047242034 0.979205973 1.0
0.020979299 0.88510205 1.0
-0.132889987 0.986856133 1.0
-0.080270672 1.145878447 1.0
-0.080099595 0.974649963 1.0
-0.003354863 0.963713913 1.0
-0.10561401599999999 1.03438197 1.0
-0.060488163 0.869523831 1.0
-0.12599913699999998 1.01240363 1.0
-0.024360391000000002 1.0104594340000002 1.0
-0.040815196 0.912173412 1.0
-0.06851122400000001 0.898238402 1.0
-0.127484971 0.9977069959999999 1.0
-0.21356247899999997 0.960802624 1.0
-0.091669946 1.005634814 1.0
-0.064974996 1.046811546 1.0
-0.14389207199999998 0.957598298 1.0
-0.18302511800000001 1.0066480629999999 1.0
-0.234186552 0.984819917 1.0
-0.144476522 1.084482586 1.0
-0.06818581900000001 1.029690223 1.0
-0.156461855 0.98723477 1.0
-0.13387428699999998 1.011751171 1.0
-0.060053447999999995 0.9548528620000001 1.0
-0.036714408 1.041358483 1.0
-0.195606255 0.884363827 1.0
-0.13947093 1.0950242270000001 1.0
-0.284031372 1.0013938 1.0
-0.090972361 1.017865067 1.0
-0.21735321600000002 0.89415787 1.0
-0.130193474 0.9462389840000001 1.0
-0.201271518 0.8375854709999999 1.0
-0.23053325300000002 0.997942089 1.0
-0.12202743199999999 0.993990673 1.0
-0.145689189 0.989367808 1.0
-0.244231084 1.027737078 1.0
-0.203126745 0.904069375 1.0
-0.17800402899999998 1.050849357 1.0
-0.112104662 1.0544136240000002 1.0
-0.325808549 0.939065625 1.0
-0.190431413 1.031670915 1.0
-0.16462463800000002 0.929869425 1.0
-0.253198873 1.0918589 1.0
-0.12335996099999999 1.07468816 1.0
-0.20265597100000002 0.958484178 1.0
-0.140681221 0.981387742 1.0
-0.195815729 1.056093451 1.0
-0.258168213 0.929902592 1.0
-0.241938163 0.847716597 1.0
-0.266236405 1.005411482 1.0
-0.17707083 0.9203293370000001 1.0
-0.188782647 0.935399819 1.0
-0.110182524 1.029645926 1.0
-0.23403823899999998 1.141171168 1.0
-0.21590173399999998 0.974655211 1.0
-0.227377632 1.021451938 1.0
-0.217940565 0.9532586690000001 1.0
-0.291839128 1.065717784 1.0
-0.25782479399999997 0.8951476759999999 1.0
-0.227667295 0.965691961 1.0
-0.15674923 0.9951342190000001 1.0
-0.371106554 0.903863401 1.0
-0.15545953 1.004191518 1.0
-0.282081848 0.968758459 1.0
-0.255124672 0.96018581 1.0
-0.249693392 0.9382439929999999 1.0
-0.175317043 0.9482136320000001 1.0
-0.311184655 1.025595882 1.0
-0.377208269 0.970573483 1.0
-0.253036414 1.043822194 1.0
-0.30005865800000003 1.02920355 1.0
-0.27315479800000003 0.970152192 1.0
-0.368414623 0.977036913 1.0
-0.446676976 0.8004934290000001 1.0
-0.21216902699999998 0.826284328 1.0
-0.342062949 1.148058568 1.0
-0.315670136 0.9367691990000001 1.0
-0.301775693 0.9051614 1.0
-0.318258743 0.897956658 1.0
-0.23809594 0.930792603 1.0
-0.240018092 0.934898213 1.0
-0.45627687100000003 0.810449141 1.0
-0.384703609 0.9619053240000001 1.0
-0.31912261199999997 0.9006026429999999 1.0
-0.320752883 0.985767773 1.0
-0.439871575 0.966151953 1.0
-0.400367586 0.9632080890000001 1.0
-0.269977082 1.053036176 1.0
-0.334871058 0.90956981 1.0
-0.328730302 0.853757175 1.0
-0.285018459 1.034135386 1.0
-0.368396751 0.8276083609999999 1.0
-0.384672189 0.992495083 1.0
-0.387430427 0.942587353 1.0
-0.327127936 0.9528073309999999 1.0
-0.27718723300000003 0.90704755 1.0
-0.315558718 0.928552232 1.0
-0.447466144 0.895978522 1.0
-0.22475041899999998 0.9250036559999999 1.0
-0.409990641 0.866566224 1.0
-0.18531563 0.9257327240000001 1.0
-0.279634185 1.0796591070000001 1.0
-0.438723584 0.9590238459999999 1.0
-0.46833433700000004 0.888108135 1.0
-0.37270213700000004 0.898944115 1.0
-0.280854961 0.874398584 1.0
-0.33935797 0.891978693 1.0
-0.45858995 0.957059807 1.0
-0.47844554899999997 0.865131676 1.0
-0.46042166700000003 1.001357673 1.0
-0.44354484 0.922951893 1.0
-0.43584803200000005 1.0157662859999999 1.0
-0.308316959 0.846317076 1.0
-0.452399034 0.8914510590000001 1.0
-0.348527305 0.9528984970000001 1.0
-0.445486234 0.929735924 1.0
-0.436351661 0.779087305 1.0
-0.24567168600000003 0.932411033 1.0
-0.379578841 0.863161299 1.0
-0.40824057399999997 0.8925304000000001 1.0
-0.535974551 0.944788537 1.0
-0.39112733200000005 0.984475194 1.0
-0.602982902 0.965199105 1.0
-0.44782067 0.880451697 1.0
-0.492907583 0.8188437009999999 1.0
-0.480289963 0.875159082 1.0
-0.386876254 0.894501656 1.0
-0.39285043 1.012300458 1.0
-0.44538547799999995 0.7944386790000001 1.0
-0.427566295 0.8461531409999999 1.0
-0.37839112700000005 0.898391632 1.0
-0.54727762 0.90966952 1.0
-0.40428076399999996 0.894616977 1.0
-0.375988841 0.743690208 1.0
-0.513642246 0.860037108 1.0
-0.398978879 0.925766802 1.0
-0.4576014 0.831708874 1.0
-0.413525866 0.7766970240000001 1.0
-0.48021880100000003 1.018040437 1.0
-0.473796428 0.84731754 1.0
-0.529502199 0.901105565 1.0
-0.465764959 0.834939276 1.0
-0.477609477 0.8742251990000001 1.0
-0.603184735 0.9883200000000001 1.0
-0.5091758789999999 0.86317472 1.0
-0.576854954 0.802787658 1.0
-0.474765786 0.940374415 1.0
-0.5785497239999999 0.89655301 1.0
-0.5687889110000001 0.766401012 1.0
-0.515003234 0.8814451459999999 1.0
-0.773044301 0.886389355 1.0
-0.515070351 0.81907112 1.0
-0.595787116 0.8880392779999999 1.0
-0.522937683 0.7690044009999999 1.0
-0.48564274799999996 0.852022345 1.0
-0.5617121070000001 0.787303113 1.0
-0.486273125 0.834096829 1.0
-0.41545381299999995 0.808353022 1.0
-0.58992694 0.9428276940000001 1.0
-0.587584161 0.737776515 1.0
-0.547872742 0.815526422 1.0
-0.593677123 0.8990922440000001 1.0
-0.5552820829999999 0.7269597790000001 1.0
-0.513750644 0.817734665 1.0
-0.511528022 0.8856483209999999 1.0
-0.561690348 0.7272705070000001 1.0
-0.564056211 0.959225502 1.0
-0.553100254 0.894592871 1.0
-0.599553983 0.776073605 1.0
-0.518986497 0.80846844 1.0
-0.619487178 0.844834249 1.0
-0.616685389 0.7694069859999999 1.0
-0.5897175170000001 0.810371515 1.0
-0.559213503 0.8604415009999999 1.0
-0.5139497820000001 0.751718868 1.0
-0.41713941200000004 0.8689082909999999 1.0
-0.621257896 0.8584714859999999 1.0
-0.522540451 0.874193695 1.0
-0.5628827829999999 0.742762459 1.0
-0.659211466 0.861680497 1.0
-0.701936859 0.74020664 1.0
-0.591960837 0.871195808 1.0
-0.6716983329999999 0.91661489 1.0
-0.683747885 0.808293158 1.0
-0.5963875829999999 0.837378409 1.0
-0.497114703 0.661269758 1.0
-0.6290825170000001 0.69367002 1.0
-0.651621352 0.7771982709999999 1.0
-0.566945013 0.873658339 1.0
-0.668565866 0.719273424 1.0
-0.636074866 0.7695677259999999 1.0
-0.607235237 0.674000147 1.0
-0.754295203 0.7393909009999999 1.0
-0.626899433 0.750289943 1.0
-0.500495104 0.873067368 1.0
-0.574079405 0.78925065 1.0
-0.569194797 0.881874047 1.0
-0.500129038 0.838732527 1.0
-0.65935424 0.758490762 1.0
-0.7221433270000001 0.7667352890000001 1.0
-0.7285252459999999 0.782735959 1.0
-0.7834351829999999 0.81892861 1.0
-0.692539556 0.8330742 1.0
-0.5785103460000001 0.837498278 1.0
-0.8175689509999999 0.829957906 1.0
-0.701188762 0.789183153 1.0
-0.5371555960000001 0.707205181 1.0
-0.539697495 0.7412708170000001 1.0
-0.7217094079999999 0.7730223359999999 1.0
-0.737974708 0.690646586 1.0
-0.638855551 0.678409826 1.0
-0.609875823 0.743890653 1.0
-0.663945597 0.748936925 1.0
-0.6793943509999999 0.7150263509999999 1.0
-0.795659635 0.765520463 1.0
-0.7357740209999999 0.665346511 1.0
-0.793397415 0.613962322 1.0
-0.811870155 0.7545237920000001 1.0
-0.7307744009999999 0.71578802 1.0
-0.679384146 0.676107968 1.0
-0.7271525259999999 0.777712775 1.0
-0.7779141159999999 0.601487621 1.0
-0.586572787 0.7449030259999999 1.0
-0.612540313 0.873017272 1.0
-0.754688668 0.756061168 1.0
-0.602533866 0.584412946 1.0
-0.586450122 0.740472745 1.0
-0.799527326 0.7415484640000001 1.0
-0.8033271209999999 0.626932617 1.0
-0.603349269 0.775861166 1.0
-0.716974088 0.657898972 1.0
-0.759533083 0.654416031 1.0
-0.7000099879999999 0.710410288 1.0
-0.738677505 0.7497160759999999 1.0
-0.783484139 0.634223561 1.0
-0.769214983 0.627744679 1.0
-0.6339858420000001 0.6445050489999999 1.0
-0.65614532 0.652381753 1.0
-0.753429549 0.697035181 1.0
-0.7349518420000001 0.650956103 1.0
-0.893381427 0.49587411299999995 1.0
-0.705631015 0.640420561 1.0
-0.81860561 0.664742872 1.0
-0.7032515540000001 0.61459815 1.0
-0.683692631 0.720734945 1.0
-0.6959216890000001 0.6211229970000001 1.0
-0.68822308 0.7688920770000001 1.0
-0.7446393240000001 0.679798303 1.0
-0.844642867 0.747103338 1.0
-0.650976928 0.714623428 1.0
-0.6924193340000001 0.830440317 1.0
-0.745090947 0.709018922 1.0
-0.63206988 0.639877849 1.0
-0.7847633070000001 0.590595239 1.0
-0.67432128 0.6775673329999999 1.0
-0.739172663 0.682570668 1.0
-0.7953686670000001 0.610378587 1.0
-0.7965953029999999 0.7568175570000001 1.0
-0.7207922640000001 0.7008246709999999 1.0
-0.811212893 0.70906475 1.0
-0.7175138809999999 0.518859872 1.0
-0.758653921 0.628578205 1.0
-0.5930187029999999 0.542873416 1.0
-0.845463937 0.756922258 1.0
-0.768181601 0.6329694770000001 1.0
-0.855128749 0.565886223 1.0
-0.754708742 0.667797239 1.0
-0.95023273 0.538962089 1.0
-0.7712762679999999 0.6288823720000001 1.0
-0.74758907 0.636010438 1.0
-0.857242321 0.6712963679999999 1.0
-0.7791866820000001 0.710301622 1.0
-0.8323806159999999 0.682751455 1.0
-0.7851849759999999 0.545093032 1.0
-0.830569297 0.477602736 1.0
-0.8898171890000001 0.63674312 1.0
-0.873053194 0.597444189 1.0
-0.7517138870000001 0.552920497 1.0
-0.830223864 0.514759698 1.0
-0.7865708109999999 0.601630704 1.0
-0.7830363440000001 0.708677937 1.0
-0.6922542840000001 0.597425065 1.0
-0.892967374 0.6035174729999999 1.0
-0.912105629 0.579336147 1.0
-0.8288970920000001 0.566587569 1.0
-0.958417223 0.542195833 1.0
-0.786574799 0.569071126 1.0
-0.668054415 0.566231843 1.0
-0.727908668 0.53204055 1.0
-0.985358857 0.645870569 1.0
-0.866010918 0.655937139 1.0
-0.793064188 0.534241895 1.0
-0.8707068000000001 0.456427915 1.0
-0.959910742 0.546834583 1.0
-0.88538587 0.675527821 1.0
-0.8139731590000001 0.47347408799999996 1.0
-0.917442918 0.668960478 1.0
-0.818344623 0.608286821 1.0
-0.89050731 0.5775406470000001 1.0
-0.7355144709999999 0.515204811 1.0
-0.793068158 0.46638236899999996 1.0
-0.878988709 0.6381431 1.0
-0.7454590759999999 0.489188264 1.0
-0.746218232 0.42738629100000003 1.0
-0.836377725 0.631815857 1.0
-0.88029962 0.294994129 1.0
-0.938479724 0.565258988 1.0
-0.81486458 0.436716549 1.0
-0.7215462359999999 0.451082343 1.0
-0.8466689279999999 0.491195836 1.0
-0.7548331909999999 0.557151463 1.0
-0.689840407 0.5343184870000001 1.0
-1.007864025 0.46272121299999996 1.0
-0.9272803759999999 0.510974867 1.0
-0.760520435 0.5328831620000001 1.0
-0.895851979 0.42918778399999996 1.0
-0.770617584 0.5395146120000001 1.0
-0.947963728 0.348751321 1.0
-0.887036267 0.593139881 1.0
-0.983179793 0.45316135700000004 1.0
-0.894880947 0.49295232 1.0
-0.871037299 0.43890918700000003 1.0
-0.8904947870000001 0.45548966399999996 1.0
-0.971766578 0.312780846 1.0
-0.854966384 0.357753295 1.0
-0.811597855 0.488426559 1.0
-0.952974126 0.41737583799999994 1.0
-0.9569297929999999 0.48502522 1.0
-0.886703152 0.42020631299999994 1.0
-1.110853391 0.33224846199999997 1.0
-0.997561632 0.44858317299999995 1.0
-0.819235415 0.481120256 1.0
-0.90428158 0.44412122 1.0
-0.897647027 0.32230838300000003 1.0
-0.9444379759999999 0.33511601 1.0
-0.925855021 0.42868799399999996 1.0
-0.83797748 0.442105067 1.0
-0.94084382 0.517209582 1.0
-0.893652674 0.378412566 1.0
-0.924775276 0.471505732 1.0
-0.870241102 0.445787107 1.0
-0.898009796 0.482873337 1.0
-0.974344777 0.398371065 1.0
-0.8806028909999999 0.29533148600000003 1.0
-1.011156745 0.474060648 1.0
-0.895400025 0.5153321470000001 1.0
-0.9916719829999999 0.46179464299999995 1.0
-0.9188619090000001 0.31722958 1.0
-0.866842599 0.330848078 1.0
-0.8119902309999999 0.38115341 1.0
-0.8819325000000001 0.355730197 1.0
-0.929232374 0.306086207 1.0
-1.015748692 0.45380482299999997 1.0
-1.036603744 0.327589869 1.0
-0.9725410959999999 0.43348687 1.0
-1.000953958 0.338390984 1.0
-0.886363421 0.35077443399999997 1.0
-0.9584063909999999 0.34801659700000004 1.0
-0.9047203490000001 0.321582423 1.0
-1.08475401 0.323045285 1.0
-0.844044169 0.308297266 1.0
-0.923621149 0.201152478 1.0
-0.928968758 0.364979014 1.0
-0.986770349 0.33879966200000006 1.0
-0.868407569 0.23463541 1.0
-0.936349823 0.265222935 1.0
-1.045123031 0.315181053 1.0
-1.0146735359999999 0.29836541899999997 1.0
-1.0798564929999999 0.41438332899999997 1.0
-0.8802274109999999 0.373194672 1.0
-0.9115831879999999 0.256281465 1.0
-0.9457001759999999 0.156337862 1.0
-1.035392228 0.271371221 1.0
-0.83562801 0.38104000299999996 1.0
-0.918894386 0.335190156 1.0
-0.885857833 0.330876011 1.0
-0.88481833 0.412107367 1.0
-0.8576951429999999 0.36002047299999995 1.0
-0.90199985 0.289768385 1.0
-0.859313777 0.25457537399999997 1.0
-0.952694798 0.23563388600000001 1.0
-0.912675386 0.281382271 1.0
-0.930909271 0.34225140600000004 1.0
-1.0148817540000001 0.273343661 1.0
-0.998570075 0.318885939 1.0
-0.787915502 0.105785793 1.0
-0.9841611570000001 0.233476913 1.0
-0.868735198 0.316871868 1.0
-0.841662762 0.207642806 1.0
-1.016350448 0.29695198899999997 1.0
-0.87598082 0.265486277 1.0
-1.0088465420000001 0.236129533 1.0
-0.87636126 0.300621373 1.0
-0.90065669 0.245975744 1.0
-0.943661127 0.260528185 1.0
-1.027693261 0.335122298 1.0
-0.934934514 0.186828959 1.0
-1.0066566670000001 0.230820235 1.0
-1.015029065 0.272672691 1.0
-1.1249131909999999 0.278124262 1.0
-0.9090374459999999 0.380161486 1.0
-0.972256674 0.230993947 1.0
-1.041201878 0.30626511 1.0
-0.944449373 0.23395571199999998 1.0
-0.986211455 0.331072158 1.0
-1.112053188 0.18068466800000002 1.0
-0.930962682 0.17852131100000002 1.0
-0.928229414 0.319696598 1.0
-0.99045589 0.159612236 1.0
-1.01259441 0.103869355 1.0
-0.8339775509999999 0.294175267 1.0
-0.961485037 0.163933523 1.0
-0.965426786 0.189475695 1.0
-1.013043151 0.14813852800000002 1.0
-0.9759607659999999 0.221002168 1.0
-0.924392985 0.14401281 1.0
-1.03804027 0.175249735 1.0
-1.005438298 0.23940482899999999 1.0
-1.015555118 0.132343646 1.0
-0.9610932240000001 0.20989053100000002 1.0
-0.968714785 0.190555577 1.0
-0.92419936 0.244321316 1.0
-1.029499813 0.014452841000000001 1.0
-1.010091355 0.250479199 1.0
-1.134337622 0.23444875199999998 1.0
-0.965274876 0.044083742999999995 1.0
-1.0499653709999999 0.216281555 1.0
-0.902211683 0.096370879 1.0
-0.861325839 0.080020215 1.0
-0.898725184 0.046706490999999996 1.0
-1.0384916690000001 0.151450835 1.0
-0.9481671490000001 0.196568735 1.0
-1.0379514909999998 0.19702128800000002 1.0
-0.882679755 0.019124013999999998 1.0
-1.000392915 0.078559317 1.0
-0.9949645220000001 0.11504955900000001 1.0
-0.998754292 0.09581873099999999 1.0
-1.097626715 0.100049485 1.0
-1.079340784 0.052067247000000004 1.0
-1.204785012 0.037992813 1.0
-0.899335563 0.09194814300000001 1.0
-1.024675389 0.168364605 1.0
-1.101577566 0.137932673 1.0
-1.054448511 0.234029641 1.0
-0.913119398 0.094173801 1.0
-1.010002265 0.00934414 1.0
-1.020069771 0.118648928 1.0
-0.9223469440000001 0.020124888 1.0
-1.028925975 0.155348885 1.0
-0.953674549 0.036066062999999995 1.0
-0.968513972 0.090986165 1.0
-1.145868988 0.044100167 1.0
-0.9481910840000001 0.189680483 1.0
-0.944884895 0.11993581 1.0
-1.012637381 0.09528420800000001 1.0
-0.943941769 0.18075970000000002 1.0
-0.8599089540000001 0.14013099099999998 1.0
-1.028486067 0.11248757300000001 1.0
-0.9884389920000001 0.044031269000000005 1.0
-0.863096455 -0.003709912 1.0
-0.9449799809999999 0.087329556 1.0
-1.100227485 -0.069947436 1.0
-0.966537063 0.0035872129999999997 1.0
-0.979148468 0.006114998000000001 1.0
-1.016755355 -0.023246495 1.0
-1.005210322 0.029293236 1.0
-1.071502281 0.034330586 1.0
-1.015309671 0.14217673 1.0
-1.044069684 0.211415462 1.0
-1.002955277 0.033867746000000004 1.0
-1.081151122 0.027584967000000002 1.0
-1.066442994 0.029444735 1.0
-1.0178171 0.085089475 1.0
-1.043047771 0.122933135 1.0
-1.0243810290000002 -0.029631658999999998 1.0
-1.015643637 -0.12924850300000001 1.0
-0.975234479 0.0029386079999999997 1.0
0.069742259 0.38720103 0.0
-0.065884344 0.493774791 0.0
0.016025536 0.471637653 0.0
0.055906107999999996 0.49780675399999996 0.0
-0.111444385 0.476051544 0.0
-0.030551457999999997 0.327224257 0.0
0.025912535 0.503553137 0.0
-0.000574694 0.420042212 0.0
-0.07065647900000001 0.372157045 0.0
0.024805856 0.46433499899999997 0.0
-0.064076647 0.257600123 0.0
0.054981978 0.334741005 0.0
-0.034176432 0.40268307200000003 0.0
-0.010568763 0.472306719 0.0
-0.019763626 0.41692256200000005 0.0
-0.08014980599999999 0.282883316 0.0
-0.010185979 0.344674579 0.0
-0.018678942 0.450068765 0.0
-0.005798551999999999 0.366070448 0.0
0.030637356 0.227545555 0.0
-0.050173467 0.46533221399999997 0.0
-0.105552845 0.40916309700000003 0.0
-0.002575383 0.404682301 0.0
-0.014736006000000001 0.234926413 0.0
0.022448787 0.455982426 0.0
0.099819674 0.282376839 0.0
-0.054880303 0.385566808 0.0
0.051934137000000005 0.41405668799999995 0.0
0.11953396 0.42810597899999997 0.0
0.103228032 0.231978632 0.0
0.000260804 0.25927516899999997 0.0
0.013094226 0.285743536 0.0
0.028099278 0.122501118 0.0
-0.022504251 0.219333248 0.0
0.127209922 0.293801729 0.0
0.158698703 0.317641148 0.0
0.036803759 0.300023873 0.0
0.069854343 0.292318028 0.0
-0.10886104099999999 0.336313409 0.0
0.05878078 0.189831563 0.0
0.043762934 0.272736745 0.0
-0.042230442 0.27768600600000004 0.0
0.068204282 0.28417978899999996 0.0
0.039852822999999996 0.20169993600000002 0.0
0.041928698 0.149145541 0.0
0.054828537000000004 0.229027961 0.0
0.045019852 0.303858351 0.0
0.12435892 0.341139874 0.0
0.10888569599999999 0.183812969 0.0
-0.079254536 0.25148348800000003 0.0
0.00166882 0.207199133 0.0
0.10315905 0.197489794 0.0
0.12532574400000002 0.162054332 0.0
0.057197983 0.24510925 0.0
0.037374311 0.07865675 0.0
0.08975943900000001 0.277442172 0.0
0.159166858 0.14547549 0.0
0.006308505 0.154954114 0.0
-0.0005156890000000001 0.035806806000000004 0.0
0.012132783000000001 0.147458834 0.0
0.063412761 0.20276847899999997 0.0
0.137902912 0.161259745 0.0
0.156756533 0.068376397 0.0
0.114417155 0.16265196699999998 0.0
0.153988508 0.322835777 0.0
-0.011817646999999999 0.132910628 0.0
0.004069928 0.126301518 0.0
0.084019404 0.18488059199999998 0.0
0.124677929 0.125666181 0.0
0.040006909 0.09893736199999999 0.0
-0.000320962 0.073172188 0.0
0.07279031400000001 0.172265224 0.0
0.072110491 -0.011230211 0.0
0.182358863 -0.065855177 0.0
0.022145744 0.09901543300000001 0.0
0.02613557 0.089135762 0.0
0.21862436300000002 -0.010560614 0.0
0.117938023 -0.05292899 0.0
0.239131843 -0.02293069 0.0
0.163944414 0.059800719 0.0
0.047391471 -0.013494473 0.0
0.145879141 -0.034789807 0.0
0.047748849 4.83e-05 0.0
0.1057045 0.060967584000000005 0.0
0.036729672000000005 -0.046184607999999995 0.0
-0.028497134 -0.012232758 0.0
0.177008639 0.050062879000000005 0.0
0.198799107 0.026526262000000002 0.0
0.145114611 0.057405358 0.0
0.223216427 -0.090553773 0.0
0.23712440899999998 -0.209570819 0.0
0.12713275 0.032742543 0.0
0.155909372 -0.133804813 0.0
0.244079109 0.08380309 0.0
0.048889115 -0.018245656000000002 0.0
0.18387267100000002 -0.12830241 0.0
0.167368816 -0.194012477 0.0
0.145028873 0.005810058000000001 0.0
0.19745259 0.001989317 0.0
0.202975335 -0.042882011 0.0
0.098633779 -0.17510972600000002 0.0
0.181489055 -0.15135916800000002 0.0
0.288127556 -0.0532716 0.0
0.19645660199999998 -0.0039357920000000005 0.0
0.263801059 -0.081458874 0.0
0.221352928 -0.094044575 0.0
0.18402485100000002 -0.086152126 0.0
0.29535690800000003 -0.008811718 0.0
0.195074967 -0.10642609800000001 0.0
0.22201799100000003 -0.136127017 0.0
0.275253285 -0.170514625 0.0
0.052811824 -0.108262861 0.0
0.118408272 -0.142147332 0.0
0.152760757 -0.19050947699999998 0.0
0.230292308 -0.185045415 0.0
0.22517639 -0.23667159 0.0
0.24801914100000003 -0.383099112 0.0
0.264945825 -0.192781454 0.0
0.274678614 -0.187810057 0.0
0.27776901600000004 -0.266039941 0.0
0.30544379899999996 -0.16333734800000002 0.0
0.275680697 -0.240259682 0.0
0.273155363 -0.228047105 0.0
0.326148077 -0.156641216 0.0
0.309887852 -0.24600399 0.0
0.23346326 -0.064211702 0.0
0.34927096 -0.325506421 0.0
0.324074165 -0.193326076 0.0
0.329549742 -0.24685760699999998 0.0
0.350204209 -0.09438515800000001 0.0
0.351318022 -0.19956991899999998 0.0
0.305308028 -0.241358742 0.0
0.401549162 -0.212126375 0.0
0.377459699 -0.212512279 0.0
0.36378651100000003 -0.261279561 0.0
0.34101091299999997 -0.157188065 0.0
0.403271858 -0.33808680399999996 0.0
0.21999492699999998 -0.23093577 0.0
0.349669189 -0.28507750800000003 0.0
0.211965483 -0.398019144 0.0
0.383205825 -0.34982391399999996 0.0
0.43712646 -0.23359274100000002 0.0
0.346444672 -0.200303339 0.0
0.348545545 -0.281317066 0.0
0.472453365 -0.305043717 0.0
0.340966262 -0.356518736 0.0
0.39414839799999996 -0.297499418 0.0
0.5098981920000001 -0.36371805700000004 0.0
0.424099635 -0.23942784600000003 0.0
0.476017953 -0.29834657 0.0
0.468373985 -0.3918203 0.0
0.42154115700000006 -0.315160467 0.0
0.414769093 -0.297886096 0.0
0.46152592200000003 -0.354542301 0.0
0.36037817 -0.420905766 0.0
0.445861071 -0.251117531 0.0
0.5199638870000001 -0.380990989 0.0
0.516302465 -0.45725387 0.0
0.476967095 -0.437880916 0.0
0.469282372 -0.406031484 0.0
0.364354027 -0.46172864 0.0
0.44963085399999997 -0.319153935 0.0
0.597792847 -0.285709958 0.0
0.506067491 -0.41880352299999996 0.0
0.40709951899999997 -0.280506722 0.0
0.395016755 -0.322453592 0.0
0.5120146289999999 -0.409886039 0.0
0.560449238 -0.44435469200000005 0.0
0.568144225 -0.46129220000000004 0.0
0.49353884299999995 -0.477247149 0.0
0.475876326 -0.33653004200000003 0.0
0.564735954 -0.329884647 0.0
0.489791996 -0.338356649 0.0
0.633657526 -0.43470741799999996 0.0
0.582158142 -0.297822252 0.0
0.6649732070000001 -0.489982404 0.0
0.625084748 -0.32441616 0.0
0.551046856 -0.380393906 0.0
0.592024089 -0.5335032510000001 0.0
0.481600939 -0.36051614600000004 0.0
0.594073079 -0.372149261 0.0
0.559314843 -0.34681146700000004 0.0
0.564760296 -0.507092699 0.0
0.6839816940000001 -0.41831113799999997 0.0
0.39403650700000004 -0.368059673 0.0
0.62055317 -0.44089773600000004 0.0
0.579561451 -0.363935324 0.0
0.6399355489999999 -0.318776775 0.0
0.575185795 -0.37617628399999997 0.0
0.534171288 -0.41691174700000005 0.0
0.721785633 -0.46169036700000005 0.0
0.629078947 -0.478023896 0.0
0.6744903720000001 -0.442246549 0.0
0.6977617009999999 -0.402879915 0.0
0.628553818 -0.445437212 0.0
0.6368676670000001 -0.38400606299999995 0.0
0.657888375 -0.489670534 0.0
0.684382225 -0.430876779 0.0
0.689406537 -0.549360972 0.0
0.734276805 -0.461526261 0.0
0.660831465 -0.415756625 0.0
0.7079228759999999 -0.4837845 0.0
0.650663613 -0.39800561700000003 0.0
0.7035420990000001 -0.442155461 0.0
0.654564708 -0.5763822439999999 0.0
0.80762507 -0.627006147 0.0
0.782424662 -0.499169253 0.0
0.6737474859999999 -0.38499245 0.0
0.78920733 -0.424133243 0.0
0.5706029429999999 -0.547291175 0.0
0.6914653040000001 -0.556095376 0.0
0.615152232 -0.515872416 0.0
0.793568508 -0.568267017 0.0
0.81834961 -0.490739411 0.0
0.72885651 -0.448726914 0.0
0.760444043 -0.49693335299999997 0.0
0.7538852009999999 -0.346126799 0.0
0.854365277 -0.443524094 0.0
0.9072866159999999 -0.559354835 0.0
0.786958719 -0.37064452600000003 0.0
0.7734006259999999 -0.6731627379999999 0.0
0.7762555 -0.438327419 0.0
0.873970395 -0.517196122 0.0
0.8965933779999999 -0.448349644 0.0
0.856331243 -0.606057113 0.0
0.8260337999999999 -0.40057498399999997 0.0
0.921184366 -0.501414358 0.0
0.9444045440000001 -0.45784553 0.0
0.908196063 -0.45063385 0.0
0.924619545 -0.5109130479999999 0.0
1.034146585 -0.47010647 0.0
0.918989101 -0.425334121 0.0
0.8561189920000001 -0.527917188 0.0
0.7813824840000001 -0.4205899 0.0
0.9475538 -0.436479271 0.0
0.965180308 -0.482522888 0.0
0.8854065390000001 -0.345657566 0.0
0.9588363240000001 -0.47725286200000006 0.0
0.8922420059999999 -0.510106818 0.0
0.8920254209999999 -0.46462017 0.0
0.937030635 -0.5897731039999999 0.0
0.971888801 -0.331781416 0.0
0.913064585 -0.494121153 0.0
1.056561193 -0.541796463 0.0
0.97299306 -0.5743697520000001 0.0
0.886219003 -0.57004399 0.0
1.0198927690000001 -0.48616053299999995 0.0
0.929481302 -0.40929049700000003 0.0
0.973819555 -0.42185986299999995 0.0
1.037826999 -0.473567334 0.0
0.9177628240000001 -0.513704077 0.0
0.907999769 -0.548392242 0.0
0.876514705 -0.47669480200000003 0.0
1.032210431 -0.361661488 0.0
1.021018012 -0.469862075 0.0
1.019799215 -0.525354777 0.0
0.897175553 -0.45760065200000005 0.0
1.032807359 -0.586272206 0.0
1.115763242 -0.6066084110000001 0.0
1.047609471 -0.552810266 0.0
1.084215621 -0.4675768 0.0
1.000111475 -0.399835671 0.0
1.192500836 -0.41080723700000005 0.0
1.036858517 -0.604739651 0.0
1.1504912870000001 -0.443542923 0.0
1.115307352 -0.508486953 0.0
1.0483043490000001 -0.446890721 0.0
1.120140097 -0.408673656 0.0
1.133141642 -0.5271984989999999 0.0
1.1247004040000002 -0.436256065 0.0
1.093590074 -0.492367546 0.0
1.205896662 -0.428456794 0.0
1.070812654 -0.532578204 0.0
1.216300304 -0.537359201 0.0
1.001724624 -0.48629448799999997 0.0
1.240875304 -0.485473561 0.0
1.190998724 -0.455714739 0.0
1.082466122 -0.38616052 0.0
1.1526214940000001 -0.495517465 0.0
1.300361872 -0.439935939 0.0
0.997275473 -0.521230575 0.0
1.093283521 -0.500124799 0.0
1.240850463 -0.429159774 0.0
1.253283987 -0.485725842 0.0
1.194332344 -0.538525445 0.0
1.148174101 -0.333575947 0.0
1.132539827 -0.368457706 0.0
1.384570127 -0.458598401 0.0
1.311574367 -0.622064206 0.0
1.274861095 -0.48633599200000005 0.0
1.244020178 -0.568504279 0.0
1.1570271909999998 -0.494414875 0.0
1.338136347 -0.49926354799999995 0.0
1.269820274 -0.39864655299999996 0.0
1.15781045 -0.468801085 0.0
1.19552629 -0.583310391 0.0
1.275690972 -0.44939418600000003 0.0
1.329816945 -0.418862558 0.0
1.318013887 -0.5029141229999999 0.0
1.321491755 -0.5741701920000001 0.0
1.297884129 -0.450651002 0.0
1.379021385 -0.34907847399999997 0.0
1.2832979759999998 -0.36450493100000003 0.0
1.327144437 -0.5090828070000001 0.0
1.346270267 -0.524112741 0.0
1.4250938419999999 -0.48634719200000004 0.0
1.4654635759999999 -0.49485770100000004 0.0
1.3151633740000002 -0.379964949 0.0
1.317102068 -0.479700525 0.0
1.497119562 -0.284084087 0.0
1.344454413 -0.336413495 0.0
1.458716488 -0.39945861200000005 0.0
1.425000574 -0.5723402670000001 0.0
1.5017584 -0.38969758 0.0
1.308914197 -0.413505705 0.0
1.418867748 -0.419360123 0.0
1.358022698 -0.456772856 0.0
1.35267092 -0.413833703 0.0
1.430456512 -0.48949940700000005 0.0
1.285295516 -0.557919794 0.0
1.4564541869999998 -0.39825387100000004 0.0
1.5916192830000002 -0.343243694 0.0
1.4732751380000002 -0.404487175 0.0
1.5274140809999999 -0.295190373 0.0
1.38178243 -0.36304322299999997 0.0
1.3878083019999998 -0.40252642 0.0
1.579999665 -0.44391423 0.0
1.566565711 -0.35320725399999997 0.0
1.561430815 -0.292160619 0.0
1.470725986 -0.390446445 0.0
1.511005577 -0.326671749 0.0
1.502665929 -0.42519409700000005 0.0
1.405607443 -0.310754855 0.0
1.47690289 -0.423017366 0.0
1.503146347 -0.369632976 0.0
1.470700006 -0.38293119200000003 0.0
1.5843530069999998 -0.41982012 0.0
1.4575058909999998 -0.281063577 0.0
1.5452820630000002 -0.423295594 0.0
1.5247657630000002 -0.360895091 0.0
1.601791537 -0.221414626 0.0
1.6278204580000002 -0.487888955 0.0
1.5937471069999998 -0.337674756 0.0
1.4310660919999998 -0.320729651 0.0
1.63608498 -0.37682802 0.0
1.598917185 -0.265332678 0.0
1.657085318 -0.32121469199999997 0.0
1.4656382730000002 -0.361687779 0.0
1.582721235 -0.19691327100000003 0.0
1.555619664 -0.273403154 0.0
1.591882985 -0.372300875 0.0
1.729727911 -0.350857054 0.0
1.4678001669999998 -0.451042245 0.0
1.661798806 -0.33837036600000003 0.0
1.6470169319999999 -0.227732402 0.0
1.608826614 -0.252336513 0.0
1.627994484 -0.309195743 0.0
1.6770049009999999 -0.230418399 0.0
1.604684751 -0.162242121 0.0
1.5732192109999998 -0.149009821 0.0
1.668176251 -0.195707603 0.0
1.6742029809999999 -0.307780909 0.0
1.594568098 -0.284721321 0.0
1.526274194 -0.08868042400000001 0.0
1.7577243740000001 -0.317619308 0.0
1.662027475 -0.219748115 0.0
1.730475529 -0.26603318 0.0
1.661331603 -0.14017970300000002 0.0
1.721168315 -0.18048636 0.0
1.75087233 -0.240459791 0.0
1.675509937 -0.28759070000000003 0.0
1.64081394 -0.264244821 0.0
1.6851918730000002 -0.216079755 0.0
1.7191553990000001 -0.36010707 0.0
1.729641861 -0.249951404 0.0
1.6213204280000002 -0.260764817 0.0
1.7588722980000002 -0.268889396 0.0
1.660456823 -0.060160677999999995 0.0
1.78325525 -0.054582177 0.0
1.645678772 -0.266084753 0.0
1.844903791 -0.155464772 0.0
1.728920204 -0.193790358 0.0
1.749215811 -0.082448029 0.0
1.779877005 -0.111537894 0.0
1.785596454 -0.058820149 0.0
1.7436828080000002 -0.147530705 0.0
1.75192794 -0.104621135 0.0
1.790363531 -0.08537234 0.0
1.8038865130000001 -0.188249792 0.0
1.7723351090000001 -0.23001700600000002 0.0
1.6613464430000002 -0.27329445199999997 0.0
1.7336336559999999 -0.036048476 0.0
1.676730614 -0.143378273 0.0
1.72276707 0.025801402 0.0
1.840029137 -0.191546825 0.0
1.7682815159999998 -0.117808403 0.0
1.8842641230000001 -0.02151071 0.0
1.9316813519999998 -0.083731101 0.0
1.8058070080000002 -0.19259002600000003 0.0
1.8135857709999998 -0.128430773 0.0
1.763936045 -0.11531538599999999 0.0
1.8665089769999998 -0.132066145 0.0
1.772775481 -0.127665437 0.0
1.81869323 -0.029775665 0.0
1.832623255 0.059155255999999996 0.0
1.787646676 -0.07467418 0.0
1.876209834 -0.06887373 0.0
1.819943408 -0.08156632 0.0
1.7980608169999999 -0.100751992 0.0
1.832509105 -0.068729512 0.0
1.9088845840000002 -0.04856217 0.0
1.950601477 -0.04393577 0.0
1.8566820730000002 -0.039044026 0.0
1.8181752780000002 -0.14354629300000002 0.0
1.84862666 -0.053021067000000005 0.0
1.900737291 0.04423804 0.0
1.8211500969999999 -0.078736415 0.0
1.9777727269999998 0.077301688 0.0
1.794703387 -0.001639181 0.0
1.7281966969999998 0.127800782 0.0
1.8664824740000001 0.068496824 0.0
1.8306405780000001 0.09374020300000001 0.0
1.891632868 0.07817684400000001 0.0
1.6987217069999998 -0.12214985099999999 0.0
1.850612189 0.114164059 0.0
1.928651701 -0.009624362 0.0
1.8559077019999999 0.062272825 0.0
1.751954049 0.098163475 0.0
1.9294561780000001 -0.015520558 0.0
1.958370519 0.07218954400000001 0.0
1.943693463 -0.07693523099999999 0.0
1.940377299 0.053575835 0.0
1.775981431 -0.003987717 0.0
1.8945974159999999 0.06788639999999999 0.0
1.9415409019999998 0.158601872 0.0
1.895207109 0.157387694 0.0
1.995275275 0.125710721 0.0
2.019611039 0.05855973 0.0
1.8904059219999998 0.10332072199999999 0.0
1.8129091419999999 0.059626232 0.0
2.0084627619999997 0.085229943 0.0
1.869917698 0.203729937 0.0
1.8109534669999998 0.152825777 0.0
1.817210386 0.101865413 0.0
2.085758604 0.136133816 0.0
1.86850716 0.09183498300000001 0.0
1.894684761 0.249071005 0.0
1.853167784 0.24680728300000002 0.0
1.910437874 0.20037814699999998 0.0
2.00933556 0.095390747 0.0
1.9888112530000002 0.0060601480000000004 0.0
1.854785294 0.093506727 0.0
1.8214495990000001 0.30187140100000004 0.0
1.947337764 0.250930997 0.0
1.98990703 0.120684525 0.0
1.904798844 0.21408647 0.0
1.9098863990000001 0.069338977 0.0
2.0909000730000002 0.256451763 0.0
1.812847268 0.19297020199999998 0.0
2.060793587 0.18375971300000002 0.0
1.942525073 0.29580350899999996 0.0
2.054390315 0.224327644 0.0
2.101598101 0.293381042 0.0
1.943487175 0.26025169800000003 0.0
2.017490686 0.27973322100000003 0.0
2.067058402 0.22870716300000002 0.0
1.9495195769999998 0.392331087 0.0
2.073659737 0.375895395 0.0
2.006267572 0.326935595 0.0
1.982023035 0.267758385 0.0
1.929853244 0.194275371 0.0
2.0514057869999998 0.47490562399999997 0.0
2.10243042 0.266943101 0.0
1.969102599 0.349177389 0.0
1.961715754 0.200754585 0.0
1.95676417 0.43626145899999996 0.0
1.937267337 0.35179508600000003 0.0
1.908970232 0.409848046 0.0
1.9938781380000001 0.366872366 0.0
1.8204139540000002 0.39448170299999996 0.0
2.021746128 0.362197363 0.0
2.0211725940000003 0.43630113299999995 0.0
1.942481266 0.346658465 0.0
2.1792648690000003 0.32165435600000003 0.0
1.937485427 0.341138018 0.0
2.003649243 0.514902973 0.0
1.8802859669999998 0.551031897 0.0
1.862831938 0.35929696899999997 0.0
1.983339515 0.365438696 0.0
2.1132558390000002 0.569055514 0.0
1.949055601 0.48237146 0.0
1.9662759330000001 0.544917722 0.0
2.04330489 0.464317755 0.0
1.9637624040000001 0.49868127700000003 0.0
2.0831103019999997 0.449639424 0.0
2.019385888 0.48352568799999995 0.0
2.095741919 0.439864459 0.0
1.966403266 0.5023973039999999 0.0
1.927996865 0.68474361 0.0
1.850874269 0.36367527299999997 0.0
2.012757883 0.38505366700000004 0.0
