2.121004057 1.50705689 0.0
2.352290418 1.533846314 0.0
0.48703154 0.665434493 0.0
3.3462879930000002 1.853665448 0.0
3.232857379 1.7460912290000001 0.0
3.091429181 1.7761912519999998 0.0
3.1616724780000003 1.808917787 0.0
2.308978785 1.604042243 0.0
3.650710853 1.780748269 0.0
3.205041727 1.773641654 0.0
0.252350181 0.52553222 0.0
3.853634682 1.909073632 0.0
1.36460907 1.208401815 0.0
0.791612323 0.8755124959999999 0.0
3.642493599 1.83080685 0.0
3.813201582 1.969297039 0.0
0.983214013 0.964110755 0.0
1.29226512 1.226108195 0.0
3.6075929789999996 1.885288914 0.0
3.775744398 1.9235541090000001 0.0
0.33088634699999997 0.547279861 0.0
2.7093057789999997 1.6400446640000002 0.0
0.418577253 0.546248825 0.0
1.527721832 1.177055883 0.0
3.6585890439999997 1.979390591 0.0
0.7488373979999999 0.824729452 0.0
2.75139048 1.59388648 0.0
0.7306646840000001 0.861302915 0.0
2.852943663 1.68894157 0.0
2.9537985669999998 1.715021224 0.0
0.46997779100000003 0.7387581670000001 0.0
2.9903234839999997 1.767394034 0.0
0.704606435 0.92943041 0.0
2.0937172 1.396852252 0.0
1.144300921 0.9784245340000001 0.0
1.326331249 1.1818606520000001 0.0
2.5766639909999998 1.5330096530000001 0.0
1.3635073130000002 1.168941208 0.0
3.73227671 1.975526637 0.0
1.511806138 1.252449402 0.0
3.402549267 1.7841714419999999 0.0
1.7296778380000002 1.305944065 0.0
3.910679332 2.039274775 0.0
3.047664562 1.7558573730000002 0.0
1.446089144 1.191384974 0.0
1.3812650919999998 1.112734134 0.0
1.016401954 1.111172375 0.0
2.129530961 1.4353086119999998 0.0
0.249778528 0.47689185100000003 0.0
2.174477103 1.4792192259999999 0.0
0.062619993 0.208924826 0.0
0.694747137 0.787395788 0.0
0.7444682309999999 0.8816156559999999 0.0
0.90711652 0.883043833 0.0
3.049506922 1.6727563230000002 0.0
1.042766944 0.996418535 0.0
2.2349820730000003 1.487464619 0.0
3.148527205 1.7433411140000001 0.0
1.262036659 1.055557314 0.0
2.1756888080000003 1.457294845 0.0
0.274548774 0.5319726610000001 0.0
3.5009131019999997 1.826867459 0.0
3.202252432 1.841374284 0.0
2.347807455 1.567242781 0.0
0.421804192 0.634690503 0.0
3.153209789 1.776411509 0.0
1.6333114930000001 1.293875361 0.0
2.343766391 1.510850684 0.0
0.638732018 0.831575295 0.0
2.53945975 1.582954564 0.0
2.5554193119999997 1.6114429609999998 0.0
2.33189158 1.560567987 0.0
1.458069619 1.2640398259999999 0.0
1.5864643059999999 1.252156534 0.0
0.353038725 0.6601723310000001 0.0
2.339323287 1.431226726 0.0
0.595562954 0.7726372990000001 0.0
0.640642747 0.7766398040000001 0.0
0.125903555 0.355839268 0.0
2.513775537 1.5603085730000001 0.0
2.050153218 1.4238454219999999 0.0
2.5322549359999997 1.483670338 0.0
3.00103 1.780846994 0.0
1.387069099 1.173521201 0.0
1.644279115 1.292850227 0.0
0.575112985 0.760509056 0.0
2.515904847 1.595680679 0.0
1.0777137159999999 1.08558046 0.0
3.932655537 2.011641756 0.0
3.116848032 1.7664621530000002 0.0
2.639100353 1.6736325459999999 0.0
1.44396827 1.237552917 0.0
2.1314600980000002 1.380013175 0.0
0.95799512 0.9600987320000001 0.0
1.10800645 1.0530746229999999 0.0
2.1633602780000003 1.453119442 0.0
3.761405477 1.9079232590000001 0.0
3.3642122960000003 1.818479565 0.0
2.532067643 1.581272679 0.0
0.9285477870000001 0.896448255 0.0
1.138874924 1.0434184770000001 0.0
3.9480770030000003 1.968220655 0.0
1.8525372230000001 1.4463380380000002 0.0
2.372569976 1.530965161 0.0
3.505139872 1.787572384 0.0
3.682771626 1.85603296 0.0
1.039239123 0.973308178 0.0
2.037987794 1.42233105 0.0
0.402135391 0.629486554 0.0
0.448805626 0.725332451 0.0
2.8752848089999996 1.6479522340000001 0.0
0.351263926 0.676293391 0.0
0.477891036 0.757879715 0.0
0.400921804 0.681146495 0.0
1.163546114 1.125415076 0.0
1.341268416 1.110836561 0.0
3.1223886530000002 1.7832416000000002 0.0
2.032856925 1.4221294969999998 0.0
1.39574974 1.185052145 0.0
1.6252700969999998 1.346507198 0.0
1.582492765 1.207762639 0.0
2.7121344260000004 1.6201197040000002 0.0
3.501054766 1.963388895 0.0
2.590361048 1.5814768209999999 0.0
1.093946652 1.035680544 0.0
0.6247078389999999 0.7569487779999999 0.0
1.617198799 1.203863692 0.0
3.385787187 1.86154037 0.0
0.9872987990000001 1.0163327770000001 0.0
0.17177938899999998 0.449899877 0.0
2.8649917119999997 1.65874964 0.0
2.526869354 1.5664888190000001 0.0
2.32900621 1.4250499859999999 0.0
3.776459064 1.959583614 0.0
1.4680862159999999 1.191641887 0.0
1.194911562 1.04756236 0.0
3.8029550789999997 2.003722894 0.0
3.9486272369999997 1.907742003 0.0
2.479230669 1.50216758 0.0
3.115718389 1.807496534 0.0
1.20682661 1.141104532 0.0
1.072595059 1.0436781290000001 0.0
1.4841190180000001 1.112575886 0.0
1.843919139 1.363562659 0.0
3.89055708 2.030706178 0.0
1.772802115 1.302361476 0.0
1.228865652 1.134192021 0.0
0.724010928 0.82050654 0.0
3.020892641 1.61815796 0.0
1.1112099420000001 1.066343588 0.0
3.2553272860000004 1.794050184 0.0
3.6384112060000002 1.9013900719999999 0.0
3.4910386310000003 1.846941028 0.0
2.4887061480000003 1.5469699940000001 0.0
2.574013549 1.5815105680000001 0.0
1.081183762 1.052002004 0.0
0.135317833 0.386249649 0.0
0.689188012 0.911801227 0.0
2.070988793 1.5298219309999999 0.0
1.84936036 1.3306726759999998 0.0
3.2588405860000003 1.8040052309999999 0.0
0.36137090200000005 0.669973272 0.0
2.906890077 1.796691984 0.0
0.625065416 0.73496742 0.0
1.212674265 1.097976514 0.0
3.867841822 1.9564546680000001 0.0
0.036683586000000004 0.33677082799999997 0.0
1.144451878 1.016021361 0.0
1.383817525 1.157751016 0.0
3.61716276 1.9082209330000002 0.0
3.3091255760000005 1.810543905 0.0
2.613244898 1.549008016 0.0
2.432642376 1.531987284 0.0
2.72353965 1.615138964 0.0
2.500229376 1.505173785 0.0
0.631904992 0.792713028 0.0
2.35523898 1.535928089 0.0
2.7758511830000003 1.7175342869999999 0.0
1.3065176520000001 1.153001795 0.0
2.321207185 1.501284967 0.0
2.3360159780000003 1.474292641 0.0
1.7560246080000002 1.2774469590000002 0.0
0.641581179 0.8701685440000001 0.0
2.5980845919999997 1.5723772040000001 0.0
1.461029124 1.192067238 0.0
2.444653943 1.538638767 0.0
1.159230667 1.069429188 0.0
1.4115793630000002 1.203506333 0.0
1.041351802 1.021901743 0.0
3.6716379089999998 1.9153683469999998 0.0
2.104253126 1.464141725 0.0
3.0077522880000003 1.734336394 0.0
0.450177941 0.724266858 0.0
2.9996511889999997 1.6709251330000001 0.0
3.1010516960000003 1.768996252 0.0
0.706746386 0.771822523 0.0
3.137475624 1.8506656019999999 0.0
3.245792157 1.769850226 0.0
2.728856789 1.688547154 0.0
0.351942827 0.593315093 0.0
0.739544922 0.874162507 0.0
0.150954666 0.335307894 0.0
2.765538639 1.668757656 0.0
1.969533719 1.331753336 0.0
2.314780812 1.476751894 0.0
2.2898106169999997 1.4496736330000002 0.0
0.8092290540000001 0.943710134 0.0
0.409428656 0.65409595 0.0
1.233010883 1.1217441259999998 0.0
2.410914609 1.504007389 0.0
1.263954432 1.094554366 0.0
0.068826005 0.259086252 0.0
3.016931755 1.7655646969999998 0.0
0.302071704 0.531399821 0.0
1.616890168 1.202976392 0.0
1.955066032 1.376370694 0.0
2.649683907 1.580818126 0.0
0.01166758 0.10084593300000001 0.0
0.269031355 0.499580158 0.0
2.7306786 1.554677228 0.0
2.15676147 1.556524071 0.0
2.795638428 1.674179284 0.0
3.576177346 1.940571054 0.0
0.148018008 0.298553872 0.0
2.715431473 1.5807752240000001 0.0
2.1808348019999997 1.522040509 0.0
1.75879844 1.329655027 0.0
0.045220857999999996 0.181153658 0.0
0.403867194 0.642111262 0.0
3.6622596169999997 1.8618599009999999 0.0
0.99285772 0.965509924 0.0
2.085736803 1.476083302 0.0
0.362526136 0.60243076 0.0
3.1365560269999997 1.71034368 0.0
2.901864026 1.6929541559999999 0.0
2.392543042 1.5147368069999998 0.0
2.055917788 1.477251923 0.0
1.366969335 1.160655394 0.0
1.034142263 1.0803245890000002 0.0
0.42184573700000005 0.595472279 0.0
2.15873208 1.4116758440000001 0.0
1.0058079009999998 1.0148781820000001 0.0
3.148105892 1.7601015880000002 0.0
3.511486156 1.746027791 0.0
2.137605304 1.451967196 0.0
0.648528972 0.8603193240000001 0.0
2.6674131819999998 1.573022853 0.0
2.424754422 1.5233909019999998 0.0
3.723275154 1.923175769 0.0
0.070873534 0.28421672600000003 0.0
1.60706617 1.2500222090000002 0.0
0.26603542399999996 0.495710339 0.0
2.293940149 1.5337446890000002 0.0
2.4584812069999997 1.549799326 0.0
0.17076196300000002 0.338518262 0.0
2.156453534 1.5676147180000002 0.0
3.767199527 1.974536404 0.0
1.588950071 1.116777629 0.0
3.757420601 1.9347301119999998 0.0
1.07182939 1.185913638 0.0
2.5802825069999997 1.5714408640000002 0.0
0.612207126 0.724568129 0.0
3.774087334 1.98716862 0.0
3.4201616589999997 1.8552422219999998 0.0
3.0049680480000003 1.704784485 0.0
2.464786644 1.5750482419999998 0.0
2.556673936 1.55182151 0.0
2.862134718 1.7110244719999999 0.0
3.261098159 1.76499454 0.0
3.079763123 1.718063286 0.0
3.6083432689999997 1.8758825780000001 0.0
2.848430845 1.65027588 0.0
3.07654761 1.690962251 0.0
2.440826911 1.5772662819999999 0.0
3.4270202760000004 1.790768834 0.0
3.1988023489999997 1.802505576 0.0
1.17343065 1.1225447 0.0
2.606852644 1.7458392809999999 0.0
3.659584464 1.930824167 0.0
2.9896834039999995 1.6717982880000002 0.0
2.966394747 1.745678913 0.0
1.2351759390000001 1.031769082 0.0
0.320304346 0.547457601 0.0
1.0078551629999999 1.018147515 0.0
0.8358763920000001 0.8590992390000001 0.0
2.384932795 1.495645865 0.0
3.160509694 1.779255113 0.0
3.4788889430000003 1.952404359 0.0
2.757868383 1.6419153999999998 0.0
3.603168632 1.810625301 0.0
3.001793405 1.767839091 0.0
0.035565947 0.21314828800000002 0.0
1.6462360269999998 1.3384384870000001 0.0
3.626554133 1.931242299 0.0
3.365398504 1.8952490130000001 0.0
0.648744375 0.836998841 0.0
3.756536707 1.96454318 0.0
3.3841990660000003 1.799703384 0.0
1.381941179 1.053223674 0.0
3.359165305 1.878996857 0.0
1.369244221 1.143880495 0.0
1.480059894 1.178395398 0.0
2.85128922 1.6200566319999998 0.0
3.5259984060000003 1.890548011 0.0
3.585898775 1.886305603 0.0
1.8069748509999999 1.410385428 0.0
2.172739832 1.484144025 0.0
0.09971331300000001 0.351082299 0.0
3.172669527 1.672623976 0.0
1.74546369 1.2964020509999998 0.0
0.7717877809999999 0.907700471 0.0
1.5461903469999998 1.257737249 0.0
1.937017745 1.357322455 0.0
3.5953379739999995 1.876290026 0.0
1.664994163 1.271585461 0.0
3.4582251139999998 1.77842313 0.0
0.561723241 0.7445753909999999 0.0
1.8927232390000002 1.369731147 0.0
2.419347541 1.540700943 0.0
2.116936451 1.4820571880000002 0.0
1.586981161 1.283036077 0.0
0.579751079 0.77995051 0.0
1.859552565 1.336601922 0.0
2.94345443 1.755244545 0.0
3.130825269 1.6404049459999999 0.0
1.3433711419999999 1.243032884 0.0
1.4345449680000002 1.240140218 0.0
3.9778168710000004 1.98563746 0.0
0.07913444900000001 0.285255534 0.0
3.2192054519999997 1.771314949 0.0
1.571459798 1.189400676 0.0
0.7613011759999999 0.922679661 0.0
0.404835145 0.560360885 0.0
2.9727471910000003 1.726451061 0.0
0.898467256 0.979165493 0.0
0.49563510299999997 0.643022616 0.0
1.798237595 1.374666146 0.0
0.43206201 0.6735578170000001 0.0
1.547263768 1.333390218 0.0
3.17092362 1.78381288 0.0
2.433305519 1.5711615630000002 0.0
1.69816975 1.4515150380000001 0.0
0.372574301 0.647282926 0.0
2.502164255 1.674686106 0.0
2.9240391789999998 1.7504898000000002 0.0
0.636917473 0.87804781 0.0
2.556438252 1.716688138 0.0
2.7665639 1.640702523 0.0
3.0459572980000003 1.8291648130000002 0.0
0.171933694 0.31651270800000003 0.0
2.808958657 1.655092566 0.0
2.39314131 1.597944476 0.0
1.993791996 1.4644073690000001 0.0
2.126379783 1.4449965790000001 0.0
3.041796039 1.778286325 0.0
0.5463298320000001 0.715619165 0.0
1.7024666609999999 1.300637078 0.0
1.685288765 1.282836307 0.0
1.18153751 1.04535693 0.0
0.829284285 0.905815822 0.0
0.06542930400000001 0.27134418 0.0
2.49913323 1.6448844009999999 0.0
3.8972304380000002 1.9487504830000002 0.0
0.8423084740000001 0.9717061770000001 0.0
3.3725890119999997 1.876899624 0.0
1.8233054119999998 1.307713191 0.0
3.774795604 1.9412413590000002 0.0
3.4765193589999996 1.8118908180000002 0.0
0.192271385 0.38537803299999995 0.0
2.061186216 1.3615255019999999 0.0
2.9292479019999997 1.7374366369999998 0.0
1.663109764 1.3381360279999999 0.0
3.137702467 1.808848396 0.0
0.904265907 0.92599025 0.0
3.809683527 1.864238478 0.0
1.740222519 1.306856695 0.0
0.09977739599999999 0.28280793 0.0
3.302556057 1.9017049030000002 0.0
2.181007341 1.518494983 0.0
0.152468729 0.43679706 0.0
2.45304561 1.6013675109999999 0.0
3.984512467 1.92257275 0.0
1.544678845 1.231867764 0.0
3.518204504 1.836189651 0.0
1.06166015 0.954640642 0.0
3.5392319760000004 1.869547591 0.0
0.504716348 0.6445758629999999 0.0
1.365257876 1.202820582 0.0
0.741747335 0.8833726590000001 0.0
1.72183329 1.378508319 0.0
1.7411190419999998 1.367627775 0.0
2.711283887 1.697664819 0.0
1.744632786 1.278226031 0.0
1.841508041 1.28690943 0.0
3.4818097789999998 1.785177421 0.0
2.268838746 1.510979382 0.0
1.6320787380000001 1.336848526 0.0
0.315209218 0.545472252 0.0
1.602863828 1.251581412 0.0
2.833537152 1.754346208 0.0
1.844220287 1.280544706 0.0
0.6946777829999999 0.774351928 0.0
2.792902344 1.574364445 0.0
2.978188549 1.925753794 0.0
2.0351957880000002 1.4678044909999999 0.0
1.2545728440000001 0.990424245 0.0
3.923961109 1.98604719 0.0
3.661319933 1.927065291 0.0
2.2072888059999998 1.45086815 0.0
1.178831679 1.151887155 0.0
3.874122339 1.9708009640000002 0.0
2.160665682 1.589985419 0.0
3.4062346289999996 1.8484720959999998 0.0
3.478291004 1.854056734 0.0
2.6327550459999998 1.567065181 0.0
0.31109151 0.601786048 0.0
1.7331037130000002 1.3505438619999999 0.0
1.708220541 1.289181229 0.0
0.7195769590000001 0.968907605 0.0
2.655337849 1.591351824 0.0
2.30266673 1.4989106030000001 0.0
2.067728081 1.44305086 0.0
0.37841750399999996 0.64611304 0.0
3.9601944980000003 2.004235401 0.0
2.241207707 1.5115747430000002 0.0
2.579139716 1.601650026 0.0
2.638960655 1.576626696 0.0
2.2283745440000002 1.440627941 0.0
1.025241806 0.944504628 0.0
0.400654929 0.626771764 0.0
0.314788637 0.534904721 0.0
2.542770537 1.565800602 0.0
2.91451055 1.707397855 0.0
1.4846775680000002 1.198970453 0.0
0.8424905859999999 0.8663666959999999 0.0
2.738662986 1.7215655330000001 0.0
0.954148593 0.9071629959999999 0.0
1.9707769069999999 1.3564041969999998 0.0
0.222678016 0.452570663 0.0
0.652412832 0.7780204359999999 0.0
0.839983575 0.953010735 0.0
1.273797263 1.142149267 0.0
3.5812658610000003 1.8331367330000001 0.0
2.293783072 1.498986203 0.0
0.776221996 0.835631371 0.0
3.207121038 1.731088026 0.0
2.2006224619999997 1.5499815080000001 0.0
2.316949842 1.599673515 0.0
0.41066367600000003 0.6568568570000001 0.0
1.983546852 1.395398343 0.0
2.642489765 1.76349681 0.0
1.870175907 1.315011952 0.0
1.9438202580000001 1.3744180080000001 0.0
0.485329069 0.688018166 0.0
3.4076212960000003 1.8520020119999998 0.0
0.04747408 0.287914122 0.0
1.434997831 1.2611191720000001 0.0
1.693346391 1.216680693 0.0
2.351333897 1.4700131619999999 0.0
2.569015378 1.603327334 0.0
0.623160669 0.842612768 0.0
2.759062272 1.658490559 0.0
1.9092652680000002 1.401612567 0.0
3.5565026160000004 1.830204639 0.0
1.030846257 1.11290687 0.0
3.859202535 1.9789389419999999 0.0
0.64341865 0.8069284390000001 0.0
0.090651421 0.281372656 0.0
1.10251038 1.1903554379999999 0.0
3.189085701 1.797605885 0.0
0.48566931799999996 0.675435094 0.0
3.92540555 1.908964191 0.0
3.92956591 2.002102194 0.0
0.276295131 0.482371303 0.0
2.004503958 1.520331119 0.0
3.9868518180000003 1.931409323 0.0
3.3867698789999996 1.8450736769999998 0.0
1.044218797 0.9211263590000001 0.0
3.8376022130000003 1.93694048 0.0
3.231201745 1.7801381269999998 0.0
2.925585033 1.6786629819999999 0.0
3.214617042 1.8167823909999998 0.0
3.7741252380000003 1.9062721319999998 0.0
0.927589216 1.016929682 0.0
1.200993264 1.1082146259999999 0.0
1.219036237 1.106117222 0.0
2.400821049 1.611659571 0.0
3.870115756 1.959213052 0.0
1.447829506 1.148526013 0.0
1.400572062 1.211482771 0.0
1.281206656 1.063268114 0.0
1.482087675 1.196457547 0.0
1.4857604340000001 1.247911205 0.0
1.336286102 1.123079795 0.0
2.851969162 1.672682066 0.0
2.0202682469999997 1.368016956 0.0
3.4118742380000002 1.955990994 0.0
1.184751108 1.153924557 0.0
3.6545679960000004 1.948205866 0.0
1.0181417 1.070864712 0.0
2.121004057 -1.5189495919999998 0.0
2.352290418 -1.4864389009999999 0.0
0.48703154 -0.666711775 0.0
3.3462879930000002 -1.773386712 0.0
3.232857379 -1.767032678 0.0
3.091429181 -1.7744025419999998 0.0
3.1616724780000003 -1.8139029230000001 0.0
2.308978785 -1.526038522 0.0
3.650710853 -1.8977385869999999 0.0
3.205041727 -1.7371689190000001 0.0
0.252350181 -0.520450006 0.0
3.853634682 -2.013084805 0.0
1.36460907 -1.14531396 0.0
0.791612323 -0.8496425190000001 0.0
3.642493599 -1.813819094 0.0
3.813201582 -1.9695991999999998 0.0
0.983214013 -0.919533151 0.0
1.29226512 -1.177942192 0.0
3.6075929789999996 -1.863806036 0.0
3.775744398 -1.91379038 0.0
0.33088634699999997 -0.541003154 0.0
2.7093057789999997 -1.662116479 0.0
0.418577253 -0.615883869 0.0
1.527721832 -1.264157481 0.0
3.6585890439999997 -1.8116788719999999 0.0
0.7488373979999999 -0.8681812059999999 0.0
2.75139048 -1.586609867 0.0
0.7306646840000001 -0.861478082 0.0
2.852943663 -1.745118508 0.0
2.9537985669999998 -1.7467680890000001 0.0
0.46997779100000003 -0.7028342559999999 0.0
2.9903234839999997 -1.688578067 0.0
0.704606435 -0.784324492 0.0
2.0937172 -1.431405443 0.0
1.144300921 -1.08836152 0.0
1.326331249 -1.177559711 0.0
2.5766639909999998 -1.623909785 0.0
1.3635073130000002 -1.171162643 0.0
3.73227671 -1.98193553 0.0
1.511806138 -1.1904105109999998 0.0
3.402549267 -1.7650546480000002 0.0
1.7296778380000002 -1.277073855 0.0
3.910679332 -1.9857087580000001 0.0
3.047664562 -1.805828101 0.0
1.446089144 -1.213865164 0.0
1.3812650919999998 -1.1987221890000002 0.0
1.016401954 -1.04585457 0.0
2.129530961 -1.439152991 0.0
0.249778528 -0.562552397 0.0
2.174477103 -1.5692984980000002 0.0
0.062619993 -0.233413313 0.0
0.694747137 -0.816166207 0.0
0.7444682309999999 -0.878145486 0.0
0.90711652 -0.946167367 0.0
3.049506922 -1.75223823 0.0
1.042766944 -0.95740801 0.0
2.2349820730000003 -1.462778295 0.0
3.148527205 -1.7291618530000001 0.0
1.262036659 -1.1288560840000001 0.0
2.1756888080000003 -1.5043213780000002 0.0
0.274548774 -0.574337864 0.0
3.5009131019999997 -1.8826322480000002 0.0
3.202252432 -1.7662417469999998 0.0
2.347807455 -1.520845995 0.0
0.421804192 -0.6623206979999999 0.0
3.153209789 -1.914386305 0.0
1.6333114930000001 -1.339898069 0.0
2.343766391 -1.495824789 0.0
0.638732018 -0.7447287159999999 0.0
2.53945975 -1.605167085 0.0
2.5554193119999997 -1.595991975 0.0
2.33189158 -1.601222485 0.0
1.458069619 -1.146647185 0.0
1.5864643059999999 -1.243941331 0.0
0.353038725 -0.535524329 0.0
2.339323287 -1.490982575 0.0
0.595562954 -0.762528238 0.0
0.640642747 -0.761090134 0.0
0.125903555 -0.39126826600000003 0.0
2.513775537 -1.6024339140000001 0.0
2.050153218 -1.407411658 0.0
2.5322549359999997 -1.588261911 0.0
3.00103 -1.701976264 0.0
1.387069099 -1.23522175 0.0
1.644279115 -1.2044982229999999 0.0
0.575112985 -0.718000435 0.0
2.515904847 -1.604541833 0.0
1.0777137159999999 -1.061615924 0.0
3.932655537 -1.953400834 0.0
3.116848032 -1.7746292940000001 0.0
2.639100353 -1.6086409609999999 0.0
1.44396827 -1.161505135 0.0
2.1314600980000002 -1.412255078 0.0
0.95799512 -1.011107536 0.0
1.10800645 -1.075356522 0.0
2.1633602780000003 -1.405834389 0.0
3.761405477 -1.9646484069999999 0.0
3.3642122960000003 -1.8554070669999998 0.0
2.532067643 -1.577204355 0.0
0.9285477870000001 -1.073137185 0.0
1.138874924 -0.993025697 0.0
3.9480770030000003 -1.9243609830000001 0.0
1.8525372230000001 -1.327796748 0.0
2.372569976 -1.5668726730000002 0.0
3.505139872 -1.7889966069999998 0.0
3.682771626 -1.8495128719999998 0.0
1.039239123 -1.129206063 0.0
2.037987794 -1.404254551 0.0
0.402135391 -0.66971978 0.0
0.448805626 -0.745530322 0.0
2.8752848089999996 -1.663653065 0.0
0.351263926 -0.6792148579999999 0.0
0.477891036 -0.664775116 0.0
0.400921804 -0.684803748 0.0
1.163546114 -1.095040173 0.0
1.341268416 -1.1443629020000001 0.0
3.1223886530000002 -1.7566082769999998 0.0
2.032856925 -1.414028076 0.0
1.39574974 -1.18544069 0.0
1.6252700969999998 -1.273545718 0.0
1.582492765 -1.1937711009999998 0.0
2.7121344260000004 -1.6838963269999998 0.0
3.501054766 -1.817975927 0.0
2.590361048 -1.58754044 0.0
1.093946652 -1.0384554 0.0
0.6247078389999999 -0.794992004 0.0
1.617198799 -1.213356815 0.0
3.385787187 -1.8013048219999999 0.0
0.9872987990000001 -1.000214597 0.0
0.17177938899999998 -0.332657402 0.0
2.8649917119999997 -1.70402973 0.0
2.526869354 -1.590626735 0.0
2.32900621 -1.6158270419999998 0.0
3.776459064 -1.9350408769999998 0.0
1.4680862159999999 -1.1933442429999999 0.0
1.194911562 -1.104672585 0.0
3.8029550789999997 -1.935691025 0.0
3.9486272369999997 -1.899876636 0.0
2.479230669 -1.550881426 0.0
3.115718389 -1.802623123 0.0
1.20682661 -1.0062820670000001 0.0
1.072595059 -0.970264345 0.0
1.4841190180000001 -1.1923748140000001 0.0
1.843919139 -1.3753384869999998 0.0
3.89055708 -2.005625524 0.0
1.772802115 -1.331657233 0.0
1.228865652 -1.055866974 0.0
0.724010928 -0.879922483 0.0
3.020892641 -1.7314446190000001 0.0
1.1112099420000001 -1.222334405 0.0
3.2553272860000004 -1.785271523 0.0
3.6384112060000002 -1.9518680380000002 0.0
3.4910386310000003 -1.903129546 0.0
2.4887061480000003 -1.591254856 0.0
2.574013549 -1.61373686 0.0
1.081183762 -1.11169309 0.0
0.135317833 -0.386417079 0.0
0.689188012 -0.89335411 0.0
2.070988793 -1.411689358 0.0
1.84936036 -1.3181346390000002 0.0
3.2588405860000003 -1.850729811 0.0
0.36137090200000005 -0.608113865 0.0
2.906890077 -1.6845233609999999 0.0
0.625065416 -0.781017783 0.0
1.212674265 -1.169070984 0.0
3.867841822 -1.877287979 0.0
0.036683586000000004 -0.151944667 0.0
1.144451878 -1.097362498 0.0
1.383817525 -1.162659339 0.0
3.61716276 -1.903184041 0.0
3.3091255760000005 -1.778724402 0.0
2.613244898 -1.618101679 0.0
2.432642376 -1.6429986159999999 0.0
2.72353965 -1.706308924 0.0
2.500229376 -1.636876038 0.0
0.631904992 -0.771619493 0.0
2.35523898 -1.516521508 0.0
2.7758511830000003 -1.610405675 0.0
1.3065176520000001 -1.174606361 0.0
2.321207185 -1.5330762130000002 0.0
2.3360159780000003 -1.557292856 0.0
1.7560246080000002 -1.32586822 0.0
0.641581179 -0.885396417 0.0
2.5980845919999997 -1.6375285780000002 0.0
1.461029124 -1.264299674 0.0
2.444653943 -1.522972803 0.0
1.159230667 -1.186245603 0.0
1.4115793630000002 -1.18578289 0.0
1.041351802 -1.076714875 0.0
3.6716379089999998 -1.86217156 0.0
2.104253126 -1.399273259 0.0
3.0077522880000003 -1.779423191 0.0
0.450177941 -0.6601033070000001 0.0
2.9996511889999997 -1.798642766 0.0
3.1010516960000003 -1.772893329 0.0
0.706746386 -0.792457613 0.0
3.137475624 -1.8118827780000002 0.0
3.245792157 -1.758813032 0.0
2.728856789 -1.6837559990000002 0.0
0.351942827 -0.623927763 0.0
0.739544922 -0.904912246 0.0
0.150954666 -0.381038845 0.0
2.765538639 -1.693347351 0.0
1.969533719 -1.411760348 0.0
2.314780812 -1.47990129 0.0
2.2898106169999997 -1.45032971 0.0
0.8092290540000001 -0.9678789179999999 0.0
0.409428656 -0.637910744 0.0
1.233010883 -1.095944599 0.0
2.410914609 -1.502958253 0.0
1.263954432 -1.09641405 0.0
0.068826005 -0.264515935 0.0
3.016931755 -1.791824885 0.0
0.302071704 -0.5403079670000001 0.0
1.616890168 -1.205742085 0.0
1.955066032 -1.349489985 0.0
2.649683907 -1.6372854119999998 0.0
0.01166758 -0.067326385 0.0
0.269031355 -0.473849801 0.0
2.7306786 -1.68497201 0.0
2.15676147 -1.491294876 0.0
2.795638428 -1.6883472469999998 0.0
3.576177346 -1.845646376 0.0
0.148018008 -0.38148477299999994 0.0
2.715431473 -1.69293148 0.0
2.1808348019999997 -1.503178165 0.0
1.75879844 -1.369370055 0.0
0.045220857999999996 -0.19396566699999998 0.0
0.403867194 -0.7119567809999999 0.0
3.6622596169999997 -1.9441050290000002 0.0
0.99285772 -0.902663769 0.0
2.085736803 -1.47137363 0.0
0.362526136 -0.62655037 0.0
3.1365560269999997 -1.8219193569999999 0.0
2.901864026 -1.736216582 0.0
2.392543042 -1.4884945330000001 0.0
2.055917788 -1.380215947 0.0
1.366969335 -1.2106248590000002 0.0
1.034142263 -0.922714203 0.0
0.42184573700000005 -0.630459449 0.0
2.15873208 -1.363399144 0.0
1.0058079009999998 -0.9763181040000001 0.0
3.148105892 -1.770345225 0.0
3.511486156 -1.868984355 0.0
2.137605304 -1.5301767430000002 0.0
0.648528972 -0.7913119479999999 0.0
2.6674131819999998 -1.6285612790000001 0.0
2.424754422 -1.554238585 0.0
3.723275154 -1.945139989 0.0
0.070873534 -0.12101154800000001 0.0
1.60706617 -1.282600497 0.0
0.26603542399999996 -0.6450558670000001 0.0
2.293940149 -1.542745834 0.0
2.4584812069999997 -1.55118158 0.0
0.17076196300000002 -0.387892945 0.0
2.156453534 -1.581390319 0.0
3.767199527 -1.987290721 0.0
1.588950071 -1.281115272 0.0
3.757420601 -1.99316165 0.0
1.07182939 -1.067395479 0.0
2.5802825069999997 -1.644384417 0.0
0.612207126 -0.757468047 0.0
3.774087334 -1.934734701 0.0
3.4201616589999997 -1.825602109 0.0
3.0049680480000003 -1.7677306730000002 0.0
2.464786644 -1.6521371740000002 0.0
2.556673936 -1.6252979180000002 0.0
2.862134718 -1.7317398640000001 0.0
3.261098159 -1.79773242 0.0
3.079763123 -1.695444318 0.0
3.6083432689999997 -1.8831922069999998 0.0
2.848430845 -1.564332425 0.0
3.07654761 -1.783158641 0.0
2.440826911 -1.555298725 0.0
3.4270202760000004 -1.937715022 0.0
3.1988023489999997 -1.784920676 0.0
1.17343065 -1.079894105 0.0
2.606852644 -1.569614399 0.0
3.659584464 -1.9363086059999999 0.0
2.9896834039999995 -1.744534486 0.0
2.966394747 -1.773921751 0.0
1.2351759390000001 -1.194251083 0.0
0.320304346 -0.579460859 0.0
1.0078551629999999 -1.06217959 0.0
0.8358763920000001 -0.8598824629999999 0.0
2.384932795 -1.557965186 0.0
3.160509694 -1.7369377430000001 0.0
3.4788889430000003 -1.835591145 0.0
2.757868383 -1.6871375419999999 0.0
3.603168632 -1.79208482 0.0
3.001793405 -1.780234338 0.0
0.035565947 -0.141396365 0.0
1.6462360269999998 -1.2956413759999998 0.0
3.626554133 -1.881211463 0.0
3.365398504 -1.807784541 0.0
0.648744375 -0.849378755 0.0
3.756536707 -1.942627805 0.0
3.3841990660000003 -1.761815984 0.0
1.381941179 -1.122831683 0.0
3.359165305 -1.7820104819999998 0.0
1.369244221 -1.205035233 0.0
1.480059894 -1.2179305390000001 0.0
2.85128922 -1.648503246 0.0
3.5259984060000003 -1.9502031880000001 0.0
3.585898775 -1.85639458 0.0
1.8069748509999999 -1.386441042 0.0
2.172739832 -1.440639003 0.0
0.09971331300000001 -0.32109612600000004 0.0
3.172669527 -1.7645598969999998 0.0
1.74546369 -1.348484183 0.0
0.7717877809999999 -0.945720612 0.0
1.5461903469999998 -1.18702644 0.0
1.937017745 -1.407707091 0.0
3.5953379739999995 -1.8424716230000002 0.0
1.664994163 -1.303978148 0.0
3.4582251139999998 -1.897785667 0.0
0.561723241 -0.75036248 0.0
1.8927232390000002 -1.358351892 0.0
2.419347541 -1.5301429080000002 0.0
2.116936451 -1.457136161 0.0
1.586981161 -1.221422559 0.0
0.579751079 -0.751020475 0.0
1.859552565 -1.32846714 0.0
2.94345443 -1.678693196 0.0
3.130825269 -1.7404324759999998 0.0
1.3433711419999999 -1.190733161 0.0
1.4345449680000002 -1.19617911 0.0
3.9778168710000004 -2.0273432419999997 0.0
0.07913444900000001 -0.34596823299999996 0.0
3.2192054519999997 -1.842414775 0.0
1.571459798 -1.222442498 0.0
0.7613011759999999 -0.861443003 0.0
0.404835145 -0.627537872 0.0
2.9727471910000003 -1.700729902 0.0
0.898467256 -0.964484789 0.0
0.49563510299999997 -0.718900338 0.0
1.798237595 -1.289006777 0.0
0.43206201 -0.665016214 0.0
1.547263768 -1.3044397079999999 0.0
3.17092362 -1.785091124 0.0
2.433305519 -1.635875575 0.0
1.69816975 -1.365815157 0.0
0.372574301 -0.618428972 0.0
2.502164255 -1.6077091159999999 0.0
2.9240391789999998 -1.7403015530000001 0.0
0.636917473 -0.941720184 0.0
2.556438252 -1.581268532 0.0
2.7665639 -1.706745015 0.0
3.0459572980000003 -1.70167212 0.0
0.171933694 -0.468006517 0.0
2.808958657 -1.646505644 0.0
2.39314131 -1.5148862719999998 0.0
1.993791996 -1.43258474 0.0
2.126379783 -1.469622576 0.0
3.041796039 -1.7541672769999999 0.0
0.5463298320000001 -0.70076605 0.0
1.7024666609999999 -1.2825900140000002 0.0
1.685288765 -1.273536195 0.0
1.18153751 -1.101664032 0.0
0.829284285 -0.902430695 0.0
0.06542930400000001 -0.22860876800000002 0.0
2.49913323 -1.51534237 0.0
3.8972304380000002 -1.9203446530000001 0.0
0.8423084740000001 -0.8860826279999999 0.0
3.3725890119999997 -1.843810402 0.0
1.8233054119999998 -1.361456709 0.0
3.774795604 -1.891525052 0.0
3.4765193589999996 -1.900826428 0.0
0.192271385 -0.37489254299999997 0.0
2.061186216 -1.312283096 0.0
2.9292479019999997 -1.663492195 0.0
1.663109764 -1.266179921 0.0
3.137702467 -1.715234441 0.0
0.904265907 -0.8851684999999999 0.0
3.809683527 -1.9894779580000002 0.0
1.740222519 -1.340833291 0.0
0.09977739599999999 -0.34551114299999997 0.0
3.302556057 -1.7682245580000002 0.0
2.181007341 -1.479519676 0.0
0.152468729 -0.340958415 0.0
2.45304561 -1.5797132580000002 0.0
3.984512467 -1.964433176 0.0
1.544678845 -1.297864649 0.0
3.518204504 -1.829626444 0.0
1.06166015 -1.053732148 0.0
3.5392319760000004 -1.8094371180000002 0.0
0.504716348 -0.6545712770000001 0.0
1.365257876 -1.240066296 0.0
0.741747335 -0.8949689559999999 0.0
1.72183329 -1.37931518 0.0
1.7411190419999998 -1.328821687 0.0
2.711283887 -1.748658969 0.0
1.744632786 -1.248684537 0.0
1.841508041 -1.373273552 0.0
3.4818097789999998 -1.856718569 0.0
2.268838746 -1.467449341 0.0
1.6320787380000001 -1.318686231 0.0
0.315209218 -0.621648054 0.0
1.602863828 -1.191906443 0.0
2.833537152 -1.713065131 0.0
1.844220287 -1.374198164 0.0
0.6946777829999999 -0.8806579109999999 0.0
2.792902344 -1.648019388 0.0
2.978188549 -1.711960516 0.0
2.0351957880000002 -1.420277033 0.0
1.2545728440000001 -1.111640142 0.0
3.923961109 -1.9532698990000001 0.0
3.661319933 -1.864512639 0.0
2.2072888059999998 -1.4317304640000001 0.0
1.178831679 -1.0819380840000001 0.0
3.874122339 -2.0495035440000002 0.0
2.160665682 -1.47632133 0.0
3.4062346289999996 -1.796183294 0.0
3.478291004 -1.862199421 0.0
2.6327550459999998 -1.666944646 0.0
0.31109151 -0.520594143 0.0
1.7331037130000002 -1.217385138 0.0
1.708220541 -1.242075462 0.0
0.7195769590000001 -0.897015949 0.0
2.655337849 -1.607499534 0.0
2.30266673 -1.568346547 0.0
2.067728081 -1.462389242 0.0
0.37841750399999996 -0.658613255 0.0
3.9601944980000003 -1.9752405519999998 0.0
2.241207707 -1.469057371 0.0
2.579139716 -1.6217904140000001 0.0
2.638960655 -1.676515353 0.0
2.2283745440000002 -1.5483250990000001 0.0
1.025241806 -1.0336551059999999 0.0
0.400654929 -0.732809527 0.0
0.314788637 -0.572394536 0.0
2.542770537 -1.543587225 0.0
2.91451055 -1.687843585 0.0
1.4846775680000002 -1.201250978 0.0
0.8424905859999999 -0.894232458 0.0
2.738662986 -1.578209575 0.0
0.954148593 -0.956667968 0.0
1.9707769069999999 -1.3750450230000002 0.0
0.222678016 -0.387248345 0.0
0.652412832 -0.80385011 0.0
0.839983575 -0.9333751929999999 0.0
1.273797263 -1.152489675 0.0
3.5812658610000003 -1.869600046 0.0
2.293783072 -1.5781182919999999 0.0
0.776221996 -0.9400088809999999 0.0
3.207121038 -1.7676595780000002 0.0
2.2006224619999997 -1.4954762240000001 0.0
2.316949842 -1.506562005 0.0
0.41066367600000003 -0.652661562 0.0
1.983546852 -1.416496704 0.0
2.642489765 -1.610719971 0.0
1.870175907 -1.355108142 0.0
1.9438202580000001 -1.380780361 0.0
0.485329069 -0.633523918 0.0
3.4076212960000003 -1.8092669590000001 0.0
0.04747408 -0.231937917 0.0
1.434997831 -1.250662983 0.0
1.693346391 -1.249004444 0.0
2.351333897 -1.5886135030000001 0.0
2.569015378 -1.5482366459999999 0.0
0.623160669 -0.784841558 0.0
2.759062272 -1.70079916 0.0
1.9092652680000002 -1.3583687080000002 0.0
3.5565026160000004 -1.9286990290000001 0.0
1.030846257 -0.999567157 0.0
3.859202535 -1.91698699 0.0
0.64341865 -0.851639666 0.0
0.090651421 -0.36890442799999995 0.0
1.10251038 -1.068297684 0.0
3.189085701 -1.792225535 0.0
0.48566931799999996 -0.5734957279999999 0.0
3.92540555 -1.9543421419999998 0.0
3.92956591 -1.985693054 0.0
0.276295131 -0.536167316 0.0
2.004503958 -1.3547111809999999 0.0
3.9868518180000003 -1.949405945 0.0
3.3867698789999996 -1.841262177 0.0
1.044218797 -1.125326951 0.0
3.8376022130000003 -1.962440916 0.0
3.231201745 -1.8369653819999998 0.0
2.925585033 -1.723642647 0.0
3.214617042 -1.758624102 0.0
3.7741252380000003 -1.976853751 0.0
0.927589216 -0.965053217 0.0
1.200993264 -1.056929691 0.0
1.219036237 -1.209386937 0.0
2.400821049 -1.476510596 0.0
3.870115756 -2.1009628769999997 0.0
1.447829506 -1.133258057 0.0
1.400572062 -1.067986726 0.0
1.281206656 -1.092351463 0.0
1.482087675 -1.298193243 0.0
1.4857604340000001 -1.2535719909999998 0.0
1.336286102 -1.217042468 0.0
2.851969162 -1.773089116 0.0
2.0202682469999997 -1.355205335 0.0
3.4118742380000002 -1.909059705 0.0
1.184751108 -1.0444354059999998 0.0
3.6545679960000004 -1.819449369 0.0
1.0181417 -1.043546893 0.0
1.124684018 -0.063487179 1.0
0.959593569 -0.07093840400000001 1.0
0.96441228 0.097535173 1.0
1.165527003 -0.061319077 1.0
0.9056897209999999 -0.101675264 1.0
0.8848171429999999 -0.000128811 1.0
0.979876731 -0.11200619699999999 1.0
0.968001702 -0.30829502 1.0
1.21324435 0.059127822999999996 1.0
1.029169202 0.061930937 1.0
1.132535968 0.07476598200000001 1.0
0.912796196 -0.06816726299999999 1.0
1.205689805 -0.13533937199999999 1.0
1.028496877 0.159051351 1.0
0.900896817 -0.124318712 1.0
1.0787142490000001 0.058169102 1.0
0.9504977370000001 -0.06609891 1.0
1.01710778 0.038693713 1.0
1.011057107 -0.097035963 1.0
0.995803787 -0.07558983400000001 1.0
0.899740161 0.117564948 1.0
1.087551044 0.071862916 1.0
1.11037817 0.029663461000000002 1.0
0.961978943 0.043672119 1.0
1.150672683 0.10944294199999999 1.0
1.154527031 0.018286196 1.0
1.1346870009999999 0.060990588 1.0
0.923471778 0.146189553 1.0
0.963580442 0.01570941 1.0
0.927567988 -0.001280351 1.0
0.9626494790000001 -0.089756335 1.0
1.016839801 -0.105361701 1.0
1.192090881 -0.18031042600000002 1.0
0.894607465 0.049356727999999996 1.0
1.024438763 -0.12369079599999999 1.0
0.94558015 -0.011787357 1.0
0.8925467890000001 -0.068613933 1.0
0.9701608759999999 0.111418259 1.0
0.9109426829999999 -0.032540888999999996 1.0
1.1045415109999999 0.008522273 1.0
1.1330387640000001 0.027404041 1.0
0.989634327 0.065268257 1.0
0.8810489770000001 -0.045410159000000005 1.0
0.860178545 0.021111772 1.0
1.026735374 -0.08856916599999999 1.0
1.2024831390000001 -0.01820455 1.0
0.8704704870000001 0.065003603 1.0
1.037575765 -0.111046991 1.0
1.116599634 0.007529381999999999 1.0
1.105823212 0.029774718999999998 1.0
0.894718195 0.036342922 1.0
0.902948929 0.014256968 1.0
1.01993701 0.113517608 1.0
0.9549798709999999 0.021238978999999998 1.0
0.998075451 0.083277571 1.0
1.0181731440000001 -0.0033443059999999996 1.0
0.862104518 -0.063863743 1.0
1.101234865 0.20677954199999998 1.0
1.2599370140000001 -0.042202063 1.0
1.071980184 -0.166966328 1.0
1.025676969 -0.048543823 1.0
1.140428634 -0.104596205 1.0
0.904654579 0.106400828 1.0
1.010901896 -0.054695792 1.0
0.9390131759999999 -0.169380351 1.0
0.842985526 0.08187359599999999 1.0
1.002086865 -0.09796158 1.0
1.0707772690000001 -0.09094066599999999 1.0
1.1126834859999999 -0.0363731 1.0
1.0010393359999998 0.14198560300000002 1.0
1.184936537 0.09377663900000001 1.0
1.054389471 -0.10459410300000001 1.0
1.243796792 0.086951209 1.0
1.051073455 0.025042953 1.0
1.0611393120000001 0.057447545999999995 1.0
1.056907279 -0.015792358 1.0
0.86913791 0.033844666 1.0
1.0394929290000001 0.001586781 1.0
0.891400678 -0.136075735 1.0
0.9475360759999999 0.080500735 1.0
1.160313645 -0.101691109 1.0
1.084348256 0.046009734000000004 1.0
0.895945441 0.09812265099999999 1.0
1.194684324 0.10675680300000001 1.0
1.014853567 0.009621623000000001 1.0
1.056221995 0.098269878 1.0
1.090299588 -0.035292225 1.0
0.8531367679999999 -0.064479025 1.0
1.011677494 0.11223172 1.0
0.946342316 0.07274918400000001 1.0
0.933070537 0.232309598 1.0
0.985785261 -0.072540425 1.0
1.1417116790000001 -0.122681275 1.0
1.073448741 0.096532751 1.0
0.923483153 0.17670966 1.0
0.84214665 0.002984078 1.0
1.018838838 -0.069029535 1.0
1.036583056 0.006916123000000001 1.0
0.98119243 0.290693282 1.0
1.026723933 -0.153745554 1.0
1.980371875 0.23914611300000002 3.0
1.947831305 0.138335028 3.0
1.9587231999999999 -0.193261956 3.0
1.8970550130000001 -0.014400321 3.0
1.838666285 0.007824964 3.0
1.7711909190000001 0.076855724 3.0
2.089060093 -0.15672499 3.0
1.914610669 -0.083923446 3.0
2.096906573 -0.056883860999999994 3.0
1.7674211919999998 -0.009935066999999999 3.0
2.005469272 -0.018575455 3.0
2.023675753 0.152831185 3.0
1.959902588 -0.092643083 3.0
1.853733989 -0.014311893999999999 3.0
2.007464003 0.23066590899999997 3.0
2.011738423 -0.27605783100000003 3.0
2.09559331 -0.14592772699999998 3.0
2.0887163280000003 -0.113474878 3.0
1.816499546 0.10403281199999999 3.0
2.111209923 0.035635396 3.0
1.943922642 0.007749481999999999 3.0
2.005885786 -0.079460621 3.0
1.977969726 -0.19991383699999998 3.0
1.8197310309999999 -0.17841241800000002 3.0
1.942786755 -0.12437914300000001 3.0
1.840289771 0.034319146 3.0
2.006141771 0.1106594 3.0
2.09871182 -0.07178169400000001 3.0
1.975917975 0.18388786199999999 3.0
1.898236216 0.136815838 3.0
2.108806244 -0.14926462599999998 3.0
2.168558391 -0.09257039199999999 3.0
1.9550357880000002 -0.101398691 3.0
1.84085714 0.17331452100000003 3.0
2.1431330809999998 -0.109176631 3.0
1.8314199130000002 -0.159630338 3.0
2.162582983 0.033661395 3.0
1.8959784419999999 0.163417427 3.0
1.992889341 0.025725145 3.0
2.0555847309999997 0.203770289 3.0
1.9524724169999998 -0.221377183 3.0
1.827560277 -0.314889244 3.0
2.093290434 0.193958159 3.0
1.988975034 0.130992444 3.0
2.056033802 0.244004661 3.0
2.092677915 0.09829732199999999 3.0
2.172153836 0.08737761599999999 3.0
2.104940982 0.196527334 3.0
2.072272358 -0.081645619 3.0
1.9322034780000001 0.071621264 3.0
2.06398067 -0.061780407 3.0
2.240163241 0.100595669 3.0
2.14296124 0.11087603900000001 3.0
1.9632163009999999 0.09873327300000001 3.0
2.23782949 0.068362592 3.0
2.062472342 -0.021635571 3.0
1.764894085 0.020656937 3.0
2.024719244 -0.102077802 3.0
1.831316025 0.155223994 3.0
2.126792998 -0.077035174 3.0
1.9783300419999998 0.078184169 3.0
1.90924275 0.056529389000000006 3.0
2.095289674 -0.153833116 3.0
1.9272091619999998 0.071373435 3.0
1.953106738 -0.257782537 3.0
1.757912315 -0.053260243 3.0
1.969384165 0.204623365 3.0
2.013762344 0.037186666 3.0
1.8662432009999999 -0.13172656800000002 3.0
2.006934079 -0.03512783 3.0
1.7979995309999999 -0.085821726 3.0
1.8109232919999998 0.25667085300000003 3.0
1.73715781 0.17302979100000002 3.0
2.157811046 -0.012505573 3.0
1.85728589 -0.022353501 3.0
2.2333167169999997 0.07714809 3.0
1.798180026 -0.11441195800000001 3.0
2.05269579 -0.141742624 3.0
1.864125271 -0.255025954 3.0
1.963480039 0.08992912300000001 3.0
1.731721206 -0.060578889000000004 3.0
2.218147582 -0.153579705 3.0
2.236815778 0.068472823 3.0
1.835139789 0.295857682 3.0
2.107318694 -0.036753656 3.0
2.100813584 -0.22380127800000002 3.0
1.895610569 -0.09902858699999999 3.0
2.074012295 -0.0026535079999999997 3.0
2.079736036 -0.147164444 3.0
2.000540221 0.043336111 3.0
2.022732638 -0.147231421 3.0
2.0599358480000003 -0.100594595 3.0
2.1245666169999997 0.099873089 3.0
2.009144308 -0.02498156 3.0
1.96841259 0.137174045 3.0
2.183717938 0.277614577 3.0
2.309250804 0.068373976 3.0
2.2561247840000003 0.154709288 3.0
2.152650101 -0.15475855300000002 3.0
2.245297735 0.280996227 3.0
3.014654246 -0.130495325 2.0
2.681694441 0.270629998 2.0
2.774862428 0.031471665 2.0
3.020758995 -0.173303732 2.0
3.112453796 -0.159482073 2.0
3.00815991 -0.017518586000000003 2.0
3.197567181 0.170337453 2.0
3.059926763 0.077706892 2.0
2.790279603 -0.017119753 2.0
2.744350101 -0.096608204 2.0
3.0554683139999996 -0.091421349 2.0
3.158481262 -0.17054004899999997 2.0
3.066850175 -0.240508673 2.0
2.852902868 0.336385385 2.0
2.627731791 -0.205261416 2.0
2.855108608 -0.249660995 2.0
3.2130541619999997 0.000595099 2.0
2.6857345919999998 -0.044245216 2.0
3.0295679 0.071107835 2.0
2.9766010169999997 -0.026898732 2.0
3.0435082839999996 -0.14000637800000001 2.0
2.77221171 0.113259981 2.0
2.894507752 0.070002635 2.0
2.9977478489999996 -0.349129297 2.0
2.674115181 0.036909723 2.0
2.8184865539999997 0.086469095 2.0
3.013968937 0.08957053599999999 2.0
2.7764104119999997 -0.035572867 2.0
2.914906968 -0.051059033 2.0
3.1231107989999995 0.055696736 2.0
2.953305106 0.050207793 2.0
2.978612177 -0.294475045 2.0
3.166873037 -0.339099133 2.0
3.271814688 0.063594613 2.0
3.131518259 0.241574796 2.0
2.838989593 0.144212496 2.0
3.2395367580000003 0.186932273 2.0
3.0751382730000003 0.109732946 2.0
3.0540675439999996 0.11671700199999999 2.0
2.725248606 0.148887078 2.0
2.8059977910000002 0.140927574 2.0
3.2573003369999998 -0.111518565 2.0
3.023477958 0.157335122 2.0
3.286246882 0.055643075 2.0
2.8459612510000003 -0.084130817 2.0
2.9638704860000002 0.0073816559999999995 2.0
3.23746353 -0.141698312 2.0
2.756174693 0.180245674 2.0
2.807271783 -0.077710688 2.0
2.7446730689999996 0.095870259 2.0
3.246528875 0.258685024 2.0
2.781769914 0.070508532 2.0
3.092094358 0.06429099099999999 2.0
2.807497976 -0.103147665 2.0
3.012786905 0.214662082 2.0
3.1511814310000004 -0.09228477 2.0
3.098887426 0.06948905799999999 2.0
3.045659808 -0.066277287 2.0
2.80791178 -0.022383611 2.0
3.247706103 -0.101020319 2.0
3.1364011589999996 0.101684841 2.0
2.995098338 0.298441833 2.0
3.243597499 0.06256927 2.0
3.1575030460000004 -0.22877554 2.0
3.405320894 0.217360537 2.0
3.202375205 -0.168732982 2.0
3.014412863 0.12421804300000001 2.0
2.437895939 0.173457284 3.0
2.81725321 0.017264201 2.0
3.1996854110000004 -0.026890832000000003 2.0
3.114288117 -0.056920711 2.0
3.214254913 -0.280972836 2.0
2.830844141 0.37095223 2.0
3.1020243410000004 0.06715220599999999 2.0
2.9340223869999997 0.182857255 2.0
3.116941435 -0.160946428 2.0
2.708475303 0.075574924 2.0
2.9125631289999996 -0.070233774 2.0
3.00394194 -0.18183477 2.0
2.685052655 -0.269204829 2.0
3.053904601 -0.314099515 2.0
2.679950825 -0.209657242 2.0
3.102284922 -0.19970178 2.0
3.089474873 -0.028239148 2.0
2.9586672710000004 0.096810757 2.0
2.77589921 -0.235673524 2.0
2.9607479139999997 -0.063837333 2.0
2.88827511 -0.055157120999999996 2.0
2.848798683 -0.019546908 2.0
3.032840738 0.21905355899999998 2.0
3.101836345 0.031911154 2.0
3.0275666510000003 0.398445884 2.0
2.90881068 0.203602719 2.0
3.030747532 -0.04739551400000001 2.0
2.9961640710000004 -0.020987567000000002 2.0
2.953630547 0.081814793 2.0
2.990710369 0.136294707 2.0
3.149229895 -0.23894596399999998 2.0
2.867621708 -0.074563748 2.0
2.874013892 -0.301021661 2.0
1.03661731 -1.4601320009999998 0.0
0.384426098 -1.703704612 0.0
2.7375997439999997 1.676165718 0.0
1.0392478109999999 1.222605173 0.0
2.2619032999999997 -1.644329341 0.0
3.571097349 0.13493164300000002 2.0
3.360864579 1.792007939 0.0
0.15702181 0.037967 0.0
0.432606045 -0.36591893 0.0
2.665080009 -1.240137775 0.0
1.1705336659999999 1.7285858319999998 0.0
0.58357481 -0.630644502 0.0
2.317981091 1.916741419 0.0
2.011554982 -0.9815140440000001 0.0
2.371609083 -1.6383567140000002 0.0
0.611504659 0.034835002999999996 1.0
3.749966295 0.859803427 0.0
2.191135542 1.072946054 0.0
2.708488412 -0.280493145 2.0
2.450626636 0.105135003 3.0
2.194530191 1.117312598 0.0
3.159465308 0.664649921 0.0
1.213503188 -1.4819557159999999 0.0
2.796057031 1.7117891330000001 0.0
2.363917514 -0.073672538 3.0
0.017034834 0.279468581 0.0
3.0526225719999998 1.004637416 0.0
1.0308171990000001 -0.433499125 1.0
1.443919149 0.12946975 1.0
1.8127774280000002 0.642074433 3.0
3.38741477 -0.491534859 2.0
2.2454607419999997 0.128615006 3.0
0.321170458 -1.4764135319999998 0.0
2.3017467330000003 1.822923944 0.0
3.468852323 -0.230094422 2.0
2.760131261 1.486380257 0.0
3.9026212310000004 -1.980165236 0.0
3.1788095519999997 -0.6736914340000001 2.0
3.875495061 0.8072734779999999 0.0
2.544378209 1.060207782 0.0
1.762924757 1.241678135 0.0
0.669209275 -0.283747531 1.0
3.534083331 -1.130245917 2.0
2.548489236 1.67971281 0.0
2.591104121 0.717831636 2.0
3.8981744519999997 1.292328511 0.0
1.695529325 -1.85853129 0.0
1.077199849 0.797542952 0.0
3.450359044 -0.6194161229999999 2.0
1.8985157959999999 -0.81711096 0.0
1.326201851 1.995453836 0.0
0.967565435 1.676761411 0.0
0.586619993 -1.6252155869999998 0.0
3.944386967 1.5921480369999998 0.0
2.8053122289999997 -0.697876277 2.0
2.414462116 0.01678401 3.0
2.8677012960000003 1.968517475 0.0
0.641930184 -1.224042111 0.0
1.3342337659999999 0.057387524 1.0
1.974994568 -0.9289988659999999 0.0
1.9045670319999999 -0.57558265 3.0
1.1975303590000002 0.348948097 1.0
0.972469848 0.164834239 1.0
1.839837596 1.7080554669999999 0.0
3.502948828 1.092248536 0.0
2.292431987 0.025116554 3.0
2.622082825 0.595179662 2.0
0.7682872390000001 1.903245836 0.0
1.472265027 -1.614600414 0.0
0.879338728 0.563942363 0.0
0.95008568 -1.5395580009999998 0.0
1.639415289 -0.324732046 3.0
1.856192069 -0.151171907 3.0
3.1318952280000003 -0.14783492 2.0
3.137331207 -1.803484189 0.0
3.6135343939999998 0.56379111 0.0
3.585725033 -1.653385282 0.0
0.15426697 -0.08099277099999999 0.0
3.270837115 0.936289904 0.0
0.858987882 1.327689921 0.0
0.12252199300000001 -0.262193887 0.0
3.529536793 -1.807728142 0.0
1.763091402 1.087740251 0.0
0.6926551320000001 0.49103750399999996 0.0
0.086354628 -1.580829763 0.0
1.8063808330000002 -1.500718578 0.0
0.105075498 -0.12230822699999999 0.0
2.3567229 -1.61300821 0.0
1.933571559 1.648884107 0.0
2.715717382 -1.149887727 0.0
2.076012457 0.9309113940000001 0.0
3.9488253419999997 -0.039515896 2.0
0.397599214 1.6636769359999999 0.0
1.997125089 -0.427452806 3.0
2.3457702819999997 0.561154362 2.0
0.7464833240000001 1.288993972 0.0
0.1 0.0 0.0
0.12 0.0 0.0
0.13 0.01 0.0
0.12 0.01 0.0
0.14 0.02 0.0
0.15 0.03 0.0
0.15 0.0 0.0
0.12 0.0 0.0
0.2 0.15 0.0
0.11 0.15 0.0
0.21 0.12 0.0
0.11 -0.1 0.0
0.12 -0.11 0.0
0.14 -0.13 0.0
0.22 -0.5 0.0
0.23 -0.5 0.0
0.23 -0.49 0.0
0.22 -0.49 0.0
0.21 -0.48 0.0
0.2 -0.47 0.0
0.1 0.1 0.0
0.13 0.11 0.0
0.14 0.11 0.0
0.14 0.12 0.0
0.14 0.09 0.0
0.11 0.09 0.0
0.03 0.02 0.0
0.035 0.021 0.0
0.025 0.021 0.0
0.015 0.02 0.0
0.013999999999999999 0.012 0.0
